#! FIELDS d1 file.free der_d1
#! SET min_d1 0.214296
#! SET max_d1 4.02382
#! SET nbins_d1  1079
#! SET periodic_d1 false
    0.214296000  309.078125260   -0.330724658
    0.217829881  309.074596440   -1.655726576
    0.221363763  309.058606930   -7.304706193
    0.224897644  309.006089285  -24.136363109
    0.228431525  308.851616553  -68.670353306
    0.231965406  308.446720977 -172.485904785
    0.235499288  307.501303474 -384.608128373
    0.239033169  305.524366325 -766.029881491
    0.242567050  301.824615803 -1364.458150021
    0.246100931  295.620841617 -2176.065012614
    0.249634813  286.289683556 -3111.207120932
    0.253168694  273.685272714 -3993.871215075
    0.256702575  258.367100157 -4614.721469827
    0.260236456  241.550861621 -4826.113487459
    0.263770338  224.750645425 -4617.869128108
    0.267304219  209.238990323 -4129.272864212
    0.270838100  195.636489501 -3573.389792718
    0.274371981  183.841706174 -3127.225140649
    0.277905863  173.316640587 -2855.016336461
    0.281439744  163.502150059 -2711.356648989
    0.284973625  154.100601468 -2606.168593877
    0.288507506  145.109247318 -2473.016402459
    0.292041388  136.661525518 -2300.818149277
    0.295575269  128.851903563 -2119.660707429
    0.299109150  121.641267449 -1967.225161733
    0.302643032  114.882141611 -1869.561387603
    0.306176913  108.363740596 -1830.274663445
    0.309710794  101.897619004 -1837.419480409
    0.313244675   95.355183948 -1870.526068027
    0.316778557   88.683657680 -1905.828307538
    0.320312438   81.904578009 -1931.797843296
    0.323846319   75.062133825 -1941.675951581
    0.327380200   68.209216134 -1938.430969053
    0.330914082   61.394383329 -1920.108742394
    0.334447963   54.680822855 -1879.935723122
    0.337981844   48.159371057 -1808.695848546
    0.341515725   41.946476734 -1709.343794919
    0.345049607   36.119203197 -1591.486862321
    0.348583488   30.715843466 -1472.856750940
    0.352117369   25.724856172 -1358.415703623
    0.355651250   21.132217139 -1246.929547050
    0.359185132   16.940705854 -1129.219018691
    0.362719013   13.183071065 -1001.408149833
    0.366252894    9.897105637 -865.596887631
    0.369786776    7.098551125 -725.592795670
    0.373320657    4.788455808 -588.699080534
    0.376854538    2.953940990 -459.180547731
    0.380388419    1.568983654 -334.587448742
    0.383922301    0.618722771 -211.828102672
    0.387456182    0.098033906  -91.344272776
    0.390990063    0.000000000   25.988436030
    0.394523944    0.305072163  135.418929738
    0.398057826    0.973159449  230.234973261
    0.401591707    1.943114281  306.627758604
    0.405125588    3.151915282  365.588575663
    0.408659469    4.553631902  414.950106529
    0.412193351    6.119139367  462.016662673
    0.415727232    7.841254011  501.925861677
    0.419261113    9.688058697  528.609305223
    0.422794994   11.590142909  533.234195143
    0.426328876   13.457439306  509.377169557
    0.429862757   15.197949381  461.964506959
    0.433396638   16.752278949  409.122695696
    0.436930519   18.129274430  360.490292513
    0.440464401   19.344334344  317.650497304
    0.443998282   20.401510639  270.463291968
    0.447532163   21.282036915  218.303101708
    0.451066045   21.989991573  176.414992449
    0.454599926   22.593292660  159.569721439
    0.458133807   23.179652205  164.870991038
    0.461667688   23.799895237  175.156197757
    0.465201570   24.446563437  179.243244947
    0.468735451   25.092354594  176.171350041
    0.472269332   25.720056759  169.695577111
    0.475803213   26.320227582  158.522033801
    0.479337095   26.870285147  142.527849954
    0.482870976   27.360998396  127.361889715
    0.486404857   27.811836048  120.163074137
    0.489938738   28.253118248  122.826743440
    0.493472620   28.703380836  119.500146527
    0.497006501   29.118022548  101.807807714
    0.500540382   29.442843062   72.712720343
    0.504074263   29.659171285   42.788330409
    0.507608145   29.788183429   24.172597127
    0.511142026   29.874281475   14.171488799
    0.514675907   29.926086707    5.099691666
    0.518209788   29.930243735  -12.214011252
    0.521743670   29.866564896  -32.465590873
    0.525277551   29.742971338  -44.113485108
    0.528811432   29.603757694  -41.020249951
    0.532345314   29.495478266  -29.898011586
    0.535879195   29.423514182  -20.780594390
    0.539413076   29.360888199  -24.887905296
    0.542946957   29.268468783  -39.796724546
    0.546480839   29.122746361  -49.228747455
    0.550014720   28.960709800  -50.163623448
    0.553548601   28.811292069  -44.174562165
    0.557082482   28.678851812  -41.424765211
    0.560616364   28.536218336  -49.804111277
    0.564150245   28.351051981  -62.625346326
    0.567684126   28.131980176  -68.282770289
    0.571218007   27.913315842  -61.976218336
    0.574751889   27.724257601  -54.641890409
    0.578285770   27.551170337  -55.096393150
    0.581819651   27.352080032  -66.256638073
    0.585353532   27.108842306  -79.417083182
    0.588887414   26.834475407  -83.846141253
    0.592421295   26.567945565  -74.166618946
    0.595955176   26.353982597  -53.174136319
    0.599489058   26.221703201  -31.812653381
    0.603022939   26.153676514  -15.835514954
    0.606556820   26.119414103  -13.361541778
    0.610090701   26.078549856  -21.124318171
    0.613624583   26.006413235  -27.878225044
    0.617158464   25.924222159  -25.149721637
    0.620692345   25.870582807  -14.060388822
    0.624226226   25.860072781   -2.802213638
    0.627760108   25.874998230    0.103832416
    0.631293989   25.892055232    0.673474896
    0.634827870   25.928126125   12.994896272
    0.638361751   26.034120811   40.481801695
    0.641895633   26.244480733   68.092206978
    0.645429514   26.530098882   80.994164616
    0.648963395   26.830193583   79.673398982
    0.652497276   27.123547896   79.486644513
    0.656031158   27.441144210   93.963083073
    0.659565039   27.828494369  116.908348066
    0.663098920   28.281265679  124.456393755
    0.666632801   28.717128637  111.185558333
    0.670166683   29.079368914   86.278178736
    0.673700564   29.366883392   68.478452896
    0.677234445   29.612984829   62.723722179
    0.680768327   29.840542065   57.933183381
    0.684302208   30.041547469   46.123487723
    0.687836089   30.201925672   36.466676977
    0.691369970   30.343283379   37.590258945
    0.694903852   30.500343548   41.459676492
    0.698437733   30.657814154   34.268697195
    0.701971614   30.760134246   13.004631090
    0.705505495   30.780850784   -7.270647390
    0.709039377   30.762496152   -8.903802537
    0.712573258   30.772766678    5.487670666
    0.716107139   30.832879690   17.767518297
    0.719641020   30.910259822   13.961034735
    0.723174902   30.956819486    3.997083248
    0.726708783   30.980285826    3.512881358
    0.730242664   31.027274726   14.874077617
    0.733776545   31.116906020   25.791742065
    0.737310427   31.226331303   23.109326764
    0.740844308   31.303289971   11.082002442
    0.744378189   31.331792305   -0.862874964
    0.747912071   31.331314922   -6.318971026
    0.751445952   31.322248500   -9.051863649
    0.754979833   31.299713420  -13.032429920
    0.758513714   31.253543755  -21.230110988
    0.762047596   31.180524400  -28.831119787
    0.765581477   31.086783536  -31.652200979
    0.769115358   30.988728603  -33.340677851
    0.772649239   30.881388428  -38.160408801
    0.776183121   30.749009671  -45.091503490
    0.779717002   30.590779192  -51.760004331
    0.783250883   30.416272143  -55.392541770
    0.786784764   30.237065707  -54.601858878
    0.790318646   30.066864079  -50.217720501
    0.793852527   29.915099812  -44.515044133
    0.797386408   29.785099711  -38.808840733
    0.800920289   29.668830781  -36.267358549
    0.804454171   29.547603861  -42.016479257
    0.807988052   29.400623665  -49.703545572
    0.811521933   29.238676203  -46.572003065
    0.815055814   29.121087393  -27.233158696
    0.818589696   29.094607895    4.083400318
    0.822123577   29.168278462   26.464286646
    0.825657458   29.286869932   27.424323026
    0.829191340   29.381588898   16.975631687
    0.832725221   29.441927662    9.448919425
    0.836259102   29.498565562   16.564629449
    0.839792983   29.591472339   25.885348017
    0.843326865   29.701966055   26.133821424
    0.846860746   29.796491366   16.924061713
    0.850394627   29.857760019   10.898308314
    0.853928508   29.917665300   17.548469233
    0.857462390   30.024004240   32.871223084
    0.860996271   30.179223981   43.230591564
    0.864530152   30.347352266   41.347983664
    0.868064033   30.494426131   33.042220414
    0.871597915   30.618021520   29.604222414
    0.875131796   30.744053620   33.461909378
    0.878665677   30.887303154   38.794571159
    0.882199558   31.036493407   35.508120261
    0.885733440   31.158320810   22.483692833
    0.889267321   31.226948582    9.967129157
    0.892801202   31.264345643    4.774415199
    0.896335083   31.304490597    7.698396592
    0.899868965   31.350699957    8.380730094
    0.903402846   31.380957460   -0.964493753
    0.906936727   31.367604941  -14.212130515
    0.910470609   31.327142300  -14.461069719
    0.914004490   31.313842087   -1.401224988
    0.917538371   31.344124058    8.459639143
    0.921072252   31.375477945   -4.006720071
    0.924606134   31.328641648  -33.865912503
    0.928140015   31.175329475  -57.615441203
    0.931673896   30.969334032  -63.539382523
    0.935207777   30.772513456  -59.979077590
    0.938741659   30.583667213  -55.503769081
    0.942275540   30.398541979  -58.992701668
    0.945809421   30.206668863  -55.791709416
    0.949343302   30.048643189  -39.701213491
    0.952877184   29.961389246  -19.693366986
    0.956411065   29.926286029  -13.111690733
    0.959944946   29.878330403  -24.082410937
    0.963478827   29.775872555  -41.998942252
    0.967012709   29.627229508  -48.361940347
    0.970546590   29.484019174  -39.122223454
    0.974080471   29.387177851  -26.681620389
    0.977614353   29.322108191  -19.062196999
    0.981148234   29.271442137  -18.629494662
    0.984682115   29.233218237   -8.686017896
    0.988215996   29.257675303   15.634046050
    0.991749878   29.386553515   46.447854001
    0.995283759   29.608464068   66.386458907
    0.998817640   29.860047926   63.743614959
    1.002351521   30.076465653   49.012484918
    1.005885403   30.246742874   40.700977374
    1.009419284   30.416867557   48.035181799
    1.012953165   30.632517310   65.213371626
    1.016487046   30.906585955   80.794927402
    1.020020928   31.228545970   91.219781622
    1.023554809   31.579581467   98.512509987
    1.027088690   31.951626905  100.776195645
    1.030622571   32.321039325   96.492152722
    1.034156453   32.667913804   90.902093863
    1.037690334   32.999204949   89.296332207
    1.041224215   33.336471196   93.975547477
    1.044758096   33.689611312   96.306356276
    1.048291978   34.035214608   87.639450969
    1.051825859   34.336287211   73.910831795
    1.055359740   34.595376721   66.349616689
    1.058893622   34.848435379   71.223311641
    1.062427503   35.135443402   80.443490782
    1.065961384   35.444646315   82.453406731
    1.069495265   35.731508357   68.489249619
    1.073029147   35.946511761   43.411495250
    1.076563028   36.073711345   22.274786331
    1.080096909   36.156704573   17.668369696
    1.083630790   36.254035827   29.693940861
    1.087164672   36.395466788   40.396967562
    1.090698553   36.541783626   29.747125352
    1.094232434   36.609426749   -1.941103965
    1.097766315   36.560082218  -33.479013124
    1.101300197   36.435433056  -41.057792386
    1.104834078   36.333076455  -21.661762013
    1.108367959   36.319202791    4.249941669
    1.111901840   36.373360596   12.241739238
    1.115435722   36.403514357   -6.421271500
    1.118969603   36.340443954  -39.342506743
    1.122503484   36.172062594  -62.360226307
    1.126037365   35.963033795  -60.056836011
    1.129571247   35.799898415  -38.692380905
    1.133105128   35.719284295  -17.217715551
    1.136639009   35.688216886  -12.181315802
    1.140172891   35.643876208  -25.360158828
    1.143706772   35.543112905  -39.362139612
    1.147240653   35.414282337  -38.199684048
    1.150774534   35.324449340  -19.336881560
    1.154308416   35.314072356    4.073764434
    1.157842297   35.365423559   12.301948016
    1.161376178   35.409391635    2.604387247
    1.164910059   35.405652920  -11.972785838
    1.168443941   35.369219254  -15.151040821
    1.171977822   35.345309901   -4.211656185
    1.175511703   35.367045331    6.348881805
    1.179045584   35.409155613    6.471419544
    1.182579466   35.434088784   -1.805750938
    1.186113347   35.430159828   -8.679676505
    1.189647228   35.417935101   -5.052722912
    1.193181109   35.431827593    4.138247597
    1.196714991   35.477654317   10.184622860
    1.200248872   35.526926121    9.751430381
    1.203782753   35.565046599    3.317551387
    1.207316635   35.583692207    0.689324742
    1.210850516   35.610067150    6.943638636
    1.214384397   35.672759845   20.226304515
    1.217918278   35.780365533   29.538517080
    1.221452160   35.898838410   28.277556418
    1.224986041   35.998496972   19.716325543
    1.228519922   36.074705496   16.046759207
    1.232053803   36.163821659   24.893332129
    1.235587685   36.294490265   41.899611321
    1.239121566   36.473870683   48.856583170
    1.242655447   36.653248281   41.092795363
    1.246189328   36.787987386   27.498119943
    1.249723210   36.886901782   22.105032674
    1.253257091   36.998294799   33.746144480
    1.256790972   37.171583866   56.583086679
    1.260324853   37.420673408   72.920997066
    1.263858735   37.695671494   72.074440857
    1.267392616   37.939939239   56.485848663
    1.270926497   38.128216122   42.831937362
    1.274460378   38.297114257   47.013342257
    1.277994260   38.509487249   65.325080004
    1.281528141   38.786169945   80.198850295
    1.285062022   39.086812315   79.563718573
    1.288595904   39.357595552   62.982193939
    1.292129785   39.567402381   46.974150797
    1.295663666   39.734984632   42.319616044
    1.299197547   39.897853814   42.055087719
    1.302731429   40.058670885   37.935183823
    1.306265310   40.198600427   34.006060688
    1.309799191   40.334361370   37.134614710
    1.313333072   40.503704786   51.375387914
    1.316866954   40.725427867   62.775232301
    1.320400835   40.958583403   58.438033337
    1.323934716   41.148286145   39.323414977
    1.327468597   41.272091950   24.096212645
    1.331002479   41.370709297   25.921647488
    1.334536360   41.499818193   39.882764349
    1.338070241   41.676166619   48.442872082
    1.341604122   41.858434381   43.915869571
    1.345138004   42.002304217   27.939648901
    1.348671885   42.080159411    7.337681883
    1.352205766   42.094511597   -8.977874938
    1.355739647   42.066743332  -13.762018719
    1.359273529   42.032720343  -12.696179246
    1.362807410   42.000720617  -16.683906052
    1.366341291   41.940520784  -26.397553524
    1.369875173   41.848165248  -31.315121410
    1.373409054   41.776395133  -13.407435401
    1.376942935   41.806393180   22.931444655
    1.380476816   41.953731927   48.381139348
    1.384010698   42.133447766   38.740659043
    1.387544579   42.233550019    8.002201548
    1.391078460   42.238288157   -8.981624348
    1.394612341   42.235048491    4.094742275
    1.398146223   42.300765832   22.315064199
    1.401680104   42.395908679   16.996743862
    1.405213985   42.424727000  -10.999851828
    1.408747866   42.360066681  -27.967998558
    1.412281748   42.298800464   -9.668082205
    1.415815629   42.355733745   34.437730036
    1.419349510   42.560193270   67.669992628
    1.422883391   42.820275742   64.091815156
    1.426417273   43.010131687   33.837594812
    1.429951154   43.090824599    7.055322000
    1.433485035   43.122233820    4.066890921
    1.437018917   43.182262869   22.237024849
    1.440552798   43.300573684   35.066366839
    1.444086679   43.434178204   28.671849941
    1.447620560   43.522386752   13.395174168
    1.451154442   43.570473094    6.678409584
    1.454688323   43.627430678   18.784414188
    1.458222204   43.740590253   38.511341849
    1.461756085   43.915753575   50.240066229
    1.465289967   44.108983554   49.203264445
    1.468823848   44.284766385   42.308389101
    1.472357729   44.436223728   35.805514868
    1.475891610   44.569490132   30.220090163
    1.479425492   44.673246800   18.969584768
    1.482959373   44.717430732   -0.999814247
    1.486493254   44.689885100  -23.200149944
    1.490027135   44.608549692  -29.078049960
    1.493561017   44.543915140  -11.702164229
    1.497094898   44.567595544   17.049020602
    1.500628779   44.687596054   40.131033472
    1.504162660   44.853352864   39.919725781
    1.507696542   44.980513638   21.145305580
    1.511230423   45.025199360   -2.779452043
    1.514764304   45.007985931  -13.256711385
    1.518298186   44.990017178   -1.766073870
    1.521832067   45.036371892   18.065340870
    1.525365948   45.139064967   30.283917222
    1.528899829   45.254905887   24.025178290
    1.532433711   45.332086338   11.644327105
    1.535967592   45.375575441    7.446828639
    1.539501473   45.426387351   13.648998253
    1.543035354   45.502425931   20.929242485
    1.546569236   45.585575435   14.567703863
    1.550103117   45.618991296   -4.991314747
    1.553636998   45.576936543  -25.850058128
    1.557170879   45.483599363  -29.786486401
    1.560704761   45.421228166  -10.530139591
    1.564238642   45.455069065   21.040027692
    1.567772523   45.586200158   42.637694936
    1.571306404   45.749051427   36.132708576
    1.574840286   45.851207881   10.935822337
    1.578374167   45.861015816  -11.089962471
    1.581908048   45.828999383  -10.349478106
    1.585441929   45.840354129    9.093621674
    1.588975811   45.928357507   30.696821054
    1.592509692   46.059920878   31.880359116
    1.596043573   46.155226452   11.992079382
    1.599577455   46.167303104  -11.706981984
    1.603111336   46.125472455  -17.311281377
    1.606645217   46.108344067    2.790822173
    1.610179098   46.181726330   29.674968339
    1.613712980   46.329784176   41.003582849
    1.617246861   46.474159933   28.775885277
    1.620780742   46.554524242    8.805842058
    1.624314623   46.583771172    1.450476933
    1.627848505   46.616495872   11.220947177
    1.631382386   46.691668623   21.180567274
    1.634916267   46.779140614   18.686937291
    1.638450148   46.836811706    5.324185114
    1.641984030   46.855510884   -1.367383157
    1.645517911   46.879058381    9.359874683
    1.649051792   46.956872800   25.457034285
    1.652585673   47.078599762   30.612986943
    1.656119555   47.185487672   20.806782181
    1.659653436   47.243140765    3.430035058
    1.663187317   47.253194699   -2.984660221
    1.666721199   47.266691803    4.154752170
    1.670255080   47.318827935   17.519519348
    1.673788961   47.413039176   25.974786292
    1.677322842   47.524045560   28.013887543
    1.680856724   47.642643587   28.761988556
    1.684390605   47.765344210   33.890364574
    1.687924486   47.905449851   36.089742366
    1.691458367   48.041009192   28.925579568
    1.694992249   48.131652894   14.865925595
    1.698526130   48.168813984   -1.554873042
    1.702060011   48.165514091   -6.692740149
    1.705593892   48.167273563    2.164335304
    1.709127774   48.214987255   16.849571616
    1.712661655   48.310809859   27.811961998
    1.716195536   48.430760026   31.247944192
    1.719729417   48.552994747   27.945852850
    1.723263299   48.657631777   23.359299609
    1.726797180   48.745331373   18.618906211
    1.730331061   48.819721540   14.464902674
    1.733864942   48.881008733   12.175481072
    1.737398824   48.937322201   12.173582122
    1.740932705   49.000137897   15.849184358
    1.744466586   49.082604997   22.866362902
    1.748000468   49.193621693   29.862347614
    1.751534349   49.316376114   30.498985399
    1.755068230   49.422182845   21.945427534
    1.758602111   49.494345346   10.545598765
    1.762135993   49.539848298    8.491589842
    1.765669874   49.601111079   18.519088608
    1.769203755   49.709865999   35.066787010
    1.772737636   49.869426413   44.852099530
    1.776271518   50.042232835   42.478698954
    1.779805399   50.186993324   30.388626324
    1.783339280   50.283546183   17.913184414
    1.786873161   50.355691305   15.766641169
    1.790407043   50.445438904   29.314800479
    1.793940924   50.594447956   44.216015685
    1.797474805   50.768975927   43.130688161
    1.801008686   50.901600239   20.005442976
    1.804542568   50.937056423   -8.722975710
    1.808076449   50.894400200  -19.952284124
    1.811610330   50.851828211   -7.585677410
    1.815144212   50.874540913   11.996750267
    1.818678093   50.953322057   21.550850312
    1.822211974   51.040407097   16.421971696
    1.825745855   51.100207532    9.647600621
    1.829279737   51.149713288   14.982546896
    1.832813618   51.239895486   28.556211463
    1.836347499   51.379956873   40.088517228
    1.839881380   51.535609795   38.267135429
    1.843415262   51.659526945   23.510846146
    1.846949143   51.735621318   11.199448364
    1.850483024   51.789669097   13.118624401
    1.854016905   51.865251284   20.246522951
    1.857550787   51.957052899   22.093240316
    1.861084668   52.034829138   12.216467838
    1.864618549   52.070539359   -0.298255754
    1.868152430   52.072324936   -6.443671421
    1.871686312   52.066784218   -3.291366375
    1.875220193   52.077172388    2.292030970
    1.878754074   52.111648940    7.344838442
    1.882287955   52.161698576   12.359173272
    1.885821837   52.227138104   17.141144334
    1.889355718   52.310925191   22.255239420
    1.892889599   52.421693339   31.719524083
    1.896423481   52.566028331   41.753641206
    1.899957362   52.736939029   45.502241047
    1.903491243   52.903459239   39.410081061
    1.907025124   53.037939652   29.225096509
    1.910559006   53.144612761   24.570335257
    1.914092887   53.248696060   26.736622668
    1.917626768   53.353244150   23.608874847
    1.921160649   53.423448566    5.953564721
    1.924694531   53.415238873  -20.438664195
    1.928228412   53.324060620  -34.876927833
    1.931762293   53.220780957  -27.533317819
    1.935296174   53.179015870   -2.539942111
    1.938830056   53.228345792   19.741358377
    1.942363937   53.328473551   25.826440400
    1.945897818   53.418090334   16.803220089
    1.949431699   53.476439112    9.645202448
    1.952965581   53.526390766   12.002332547
    1.956499462   53.594026991   15.722571714
    1.960033343   53.654512535    9.216789801
    1.963567224   53.672703354   -8.194364793
    1.967101106   53.639529834  -17.403042391
    1.970634987   53.605165997   -8.518000296
    1.974168868   53.616585834    8.588422149
    1.977702750   53.676134286   13.512624165
    1.981236631   53.727456547    3.903643325
    1.984770512   53.727933077  -10.970316268
    1.988304393   53.682002652  -19.931027905
    1.991838275   53.630625179  -16.374853541
    1.995372156   53.615264422    1.786446380
    1.998906037   53.676424605   25.218313104
    2.002439918   53.812952195   42.315501281
    2.005973800   53.976430245   39.930052474
    2.009507681   54.104432333   20.930944872
    2.013041562   54.158651059    2.511318794
    2.016575443   54.165360237   -3.530380730
    2.020109325   54.168790769   -1.934260134
    2.023643206   54.174169582   -2.646808719
    2.027177087   54.164677935  -13.494105056
    2.030710968   54.110329787  -24.179397169
    2.034244850   54.031339452  -26.949821031
    2.037778731   53.965194129  -16.258002886
    2.041312612   53.951853270   -1.060121474
    2.044846494   53.987266819   11.631004442
    2.048380375   54.050023599   13.974543658
    2.051914256   54.104723380    8.526660936
    2.055448137   54.139163603    1.278216699
    2.058982019   54.152358522   -0.922587261
    2.062515900   54.159647816   -0.901255576
    2.066049781   54.168434830   -3.305772201
    2.069583662   54.164665867   -8.372813736
    2.073117544   54.138002273  -12.934574979
    2.076651425   54.101266729  -15.345305666
    2.080185306   54.064455151  -13.858139143
    2.083719187   54.031653197  -12.409497900
    2.087253069   53.998135509  -14.512546240
    2.090786950   53.957271889  -16.095164225
    2.094320831   53.919641050  -13.918611942
    2.097854712   53.893253951   -7.985112567
    2.101388594   53.882499402   -5.950305000
    2.104922475   53.871315449  -10.638606740
    2.108456356   53.838290294  -15.464080906
    2.111990237   53.796470093  -13.593121394
    2.115524119   53.783482093   -0.419786700
    2.119058000   53.831794376   19.628742532
    2.122591881   53.944791264   32.230581732
    2.126125763   54.068214510   26.201071841
    2.129659644   54.137946236    4.839206115
    2.133193525   54.133130462  -14.746400773
    2.136727406   54.088755487  -14.888368568
    2.140261288   54.073821151   -0.699413108
    2.143795169   54.107535048    9.927346679
    2.147329050   54.152257945    4.852276923
    2.150862931   54.162711741   -6.022173422
    2.154396813   54.148458926   -7.347510782
    2.157930694   54.153870484    3.480548294
    2.161464575   54.198699849   11.770859615
    2.164998456   54.248517287    6.310971703
    2.168532338   54.260280701   -8.654804169
    2.172066219   54.223082474  -17.705476559
    2.175600100   54.179153419  -13.420682324
    2.179133981   54.159248098   -6.847957556
    2.182667863   54.148087101   -9.743667317
    2.186201744   54.108954995  -20.680545236
    2.189735625   54.039064706  -23.072998849
    2.193269506   53.996579855   -6.713510537
    2.196803388   54.038597751   22.897919367
    2.200337269   54.174364252   40.757016467
    2.203871150   54.324379328   32.234103097
    2.207405032   54.400031400    0.729896291
    2.210938913   54.358795344  -29.196173409
    2.214472794   54.242587431  -41.243261286
    2.218006675   54.113754462  -38.004104230
    2.221540557   54.013812445  -25.862349125
    2.225074438   53.962233729  -10.917517957
    2.228608319   53.963587229    2.923379629
    2.232142200   54.006747358   11.292622234
    2.235676082   54.060458152    8.760828111
    2.239209963   54.089920186   -2.255039668
    2.242743844   54.083373799   -7.698379126
    2.246277725   54.077375493   -0.283907713
    2.249811607   54.116740989   14.142957908
    2.253345488   54.200501696   21.646311589
    2.256879369   54.289043360   18.876710595
    2.260413250   54.350001044    7.826350480
    2.263947132   54.376338961    0.365360320
    2.267481013   54.390561725   -1.612552716
    2.271014894   54.399690802   -1.934195676
    2.274548776   54.393380274  -11.845299567
    2.278082657   54.339027285  -27.882910377
    2.281616538   54.230320701  -40.052301371
    2.285150419   54.101135938  -37.831813948
    2.288684301   54.004978235  -24.462939116
    2.292218182   53.961681760  -10.459688370
    2.295752063   53.947409677   -4.936989846
    2.299285944   53.938679855   -9.355556153
    2.302819826   53.919629433   -6.627154060
    2.306353707   53.930650267    6.013430442
    2.309887588   53.992042755   18.745032666
    2.313421469   54.077128964   16.104105872
    2.316955351   54.122555907    0.880474260
    2.320489232   54.113632738  -11.361365265
    2.324023113   54.094170235   -4.284825950
    2.327556994   54.122726303   12.215886032
    2.331090876   54.194389617   16.957674150
    2.334624757   54.245492240    0.323403254
    2.338158638   54.227600429  -16.707450276
    2.341692519   54.181002422  -13.584384439
    2.345226401   54.183622450    9.604389073
    2.348760282   54.272661766   29.116129270
    2.352294163   54.394172279   27.428232451
    2.355828045   54.474820400    7.718347554
    2.359361926   54.475879381  -12.838013073
    2.362895807   54.422189406  -23.155725983
    2.366429688   54.357840315  -20.198431765
    2.369963570   54.319474870  -11.040619614
    2.373497451   54.311575700   -0.227864036
    2.377031332   54.335536865    5.871540181
    2.380565213   54.379606635   11.231753921
    2.384099095   54.443639701   15.381588044
    2.387632976   54.516760107   17.141744808
    2.391166857   54.577636603    5.846687174
    2.394700738   54.573226220  -16.564987442
    2.398234620   54.491432937  -36.835250838
    2.401768501   54.369867940  -35.848349421
    2.405302382   54.291978356  -12.886633711
    2.408836263   54.310569528   13.643023233
    2.412370145   54.399240687   24.940471671
    2.415904026   54.494446773   18.229396518
    2.419437907   54.550209941    6.866180120
    2.422971788   54.577232021    1.684532543
    2.426505670   54.605123115    7.140529964
    2.430039551   54.661168382   16.767914645
    2.433573432   54.746964249   21.130947164
    2.437107314   54.830911182   18.512256674
    2.440641195   54.887787011    5.622662934
    2.444175076   54.887874951  -14.470806342
    2.447708957   54.819296967  -31.323793735
    2.451242839   54.710129366  -36.710757195
    2.454776720   54.608555420  -25.486122979
    2.458310601   54.570319070   -4.658879556
    2.461844482   54.602582618   13.479626174
    2.465378364   54.673196375   13.901399895
    2.468912245   54.712200959   -0.329826244
    2.472446126   54.700358985  -11.973106776
    2.475980007   54.680602205   -3.843320001
    2.479513889   54.724386061   20.722395784
    2.483047770   54.843043090   34.024930987
    2.486581651   54.953456203   16.139594647
    2.490115532   54.958163138  -23.950638214
    2.493649414   54.828244125  -52.479922047
    2.497183295   54.651367840  -50.091860328
    2.500717176   54.531354798  -23.030516784
    2.504251058   54.516252903    5.684950106
    2.507784939   54.585413494   21.717276442
    2.511318820   54.685736102   26.973460614
    2.514852701   54.792833727   24.903380192
    2.518386583   54.883545245   15.493131457
    2.521920464   54.927353919    0.953094865
    2.525454345   54.916289127  -15.529287301
    2.528988226   54.860290607  -21.680150626
    2.532522108   54.805442990  -14.984684210
    2.536055989   54.792297523   -0.924960065
    2.539589870   54.828289876   12.612263821
    2.543123751   54.899124939   17.299965244
    2.546657633   54.968649862   12.909888568
    2.550191514   55.008922349    1.077123444
    2.553725395   55.009666336   -6.146844432
    2.557259276   55.007056522   -2.553526188
    2.560793158   55.037006051   13.480718651
    2.564327039   55.118222358   21.463629834
    2.567860920   55.193043392    9.312274861
    2.571394801   55.200272588  -13.568123455
    2.574928683   55.145878269  -21.416344277
    2.578462564   55.110401378   -2.481057141
    2.581996445   55.163911995   23.873306839
    2.585530327   55.279107368   26.678634397
    2.589064208   55.346178664   -1.607942727
    2.592598089   55.285621597  -40.352564803
    2.596131970   55.118780762  -54.154101609
    2.599665852   54.969328459  -34.212159482
    2.603199733   54.933320546    3.700266113
    2.606733614   55.012836646   29.167648118
    2.610267495   55.126564878   24.248943300
    2.613801377   55.184958864   -0.442485653
    2.617335258   55.161454257  -18.465869436
    2.620869139   55.106386360  -18.141170996
    2.624403020   55.075411644   -5.878208995
    2.627936902   55.088422908    3.183566892
    2.631470783   55.116980181    2.531011807
    2.635004664   55.126453533   -4.972118097
    2.638538545   55.104532727  -16.750663147
    2.642072427   55.046634839  -24.307385766
    2.645606308   54.972495394  -24.446059213
    2.649140189   54.912740304  -16.269661545
    2.652674071   54.889002242   -4.848998606
    2.656207952   54.899655582    1.239542931
    2.659741833   54.917337552   -1.323956426
    2.663275714   54.920122568   -5.970750101
    2.666809596   54.910783996   -6.660715722
    2.670343477   54.907251274   -1.533552112
    2.673877358   54.923905937    1.935540804
    2.677411239   54.945370711    1.044801844
    2.680945121   54.954336493   -4.917950128
    2.684479002   54.941797205  -11.062616954
    2.688012883   54.913986061   -9.980767943
    2.691546764   54.902165223   -2.132182964
    2.695080646   54.932014649    9.094502336
    2.698614527   54.990354817   15.117315170
    2.702148408   55.048555665    8.163614147
    2.705682289   55.072049601   -3.766313354
    2.709216171   55.060913770   -8.829785171
    2.712750052   55.047886744   -5.731494087
    2.716283933   55.047509527   -2.420863643
    2.719817814   55.044844099   -9.943072333
    2.723351696   55.001053973  -21.866528280
    2.726885577   54.925959871  -24.765841517
    2.730419458   54.874665508  -10.568778016
    2.733953340   54.896310617   14.080479258
    2.737487221   54.989935035   27.440061049
    2.741021102   55.093611296   19.498441251
    2.744554983   55.146436045    3.009593007
    2.748088865   55.154338678   -3.893243349
    2.751622746   55.167428869    6.435202515
    2.755156627   55.229622564   20.662323753
    2.758690508   55.321172311   18.793334691
    2.762224390   55.369571507   -3.451103769
    2.765758271   55.324520438  -26.695928859
    2.769292152   55.221253571  -35.397098168
    2.772826033   55.125604209  -27.096333669
    2.776359915   55.067304242  -13.323447289
    2.779893796   55.042396646   -9.578076554
    2.783427677   55.024167669   -9.151575655
    2.786961558   55.021483765    1.220001247
    2.790495440   55.066358846   16.203003456
    2.794029321   55.144724667   16.820943628
    2.797563202   55.187645053   -4.157194344
    2.801097083   55.143610663  -27.300151487
    2.804630965   55.046745793  -29.958588505
    2.808164846   54.985196629   -9.098146923
    2.811698727   55.010213628   12.846783841
    2.815232609   55.082164498   16.128649388
    2.818766490   55.131167472    1.105353481
    2.822300371   55.120048518  -12.060054768
    2.825834252   55.093551737   -7.352869898
    2.829368134   55.116599099   13.661634848
    2.832902015   55.215722666   29.856253340
    2.836435896   55.328952362   21.122008754
    2.839969777   55.360076761  -11.822633961
    2.843503659   55.270868057  -45.256365797
    2.847037540   55.109735324  -48.792785332
    2.850571421   54.987226213  -26.412641560
    2.854105302   54.947474384   -5.464821629
    2.857639184   54.944807630  -10.066068824
    2.861173065   54.893395324  -27.701679277
    2.864706946   54.800013790  -28.669145931
    2.868240827   54.752340327   -2.009576157
    2.871774709   54.822770610   31.530983564
    2.875308590   54.979367422   43.007288928
    2.878842471   55.115643601   21.313797961
    2.882376353   55.149625347   -7.739007323
    2.885910234   55.110356109  -18.274483902
    2.889444115   55.081721630   -2.767322749
    2.892977996   55.123987072   16.609959499
    2.896511878   55.199301864   13.679095392
    2.900045759   55.221027132  -10.576021821
    2.903579640   55.153206869  -33.219805604
    2.907113521   55.048107934  -27.847775740
    2.910647403   55.009891761   -0.671322259
    2.914181284   55.069118085   23.425366339
    2.917715165   55.173289648   23.200506901
    2.921249046   55.239002357    5.465025728
    2.924782928   55.247325342   -6.372186094
    2.928316809   55.243712441   -1.277552783
    2.931850690   55.275555861    9.309546704
    2.935384571   55.327057772    9.701659566
    2.938918453   55.355178160   -1.131291646
    2.942452334   55.347965743  -10.150082761
    2.945986215   55.327210216   -7.962961921
    2.949520096   55.320838903   -3.836365674
    2.953053978   55.325852960   -4.886226104
    2.956587859   55.315668580   -6.967859778
    2.960121740   55.304534153   -7.869211860
    2.963655622   55.297575009   -1.551194256
    2.967189503   55.316449862    1.964902295
    2.970723384   55.338069697    0.098913932
    2.974257265   55.343239028   -4.163001049
    2.977791147   55.337272286   -5.532625224
    2.981325028   55.340122343   -0.346282403
    2.984858909   55.368042215    6.055821916
    2.988392790   55.407960446    6.010429500
    2.991926672   55.426328484   -3.050796353
    2.995460553   55.408059576  -14.978089869
    2.998994434   55.362392304  -17.436163017
    3.002528315   55.323642187  -11.138233272
    3.006062197   55.308550501   -6.543287749
    3.009596078   55.299154600   -9.984663039
    3.013129959   55.267511963  -14.177083351
    3.016663840   55.233711321   -9.086375329
    3.020197722   55.238606638    3.925856250
    3.023731603   55.285706943   13.178025490
    3.027265484   55.333475040    4.105673208
    3.030799365   55.331835596  -15.543765172
    3.034333247   55.273239839  -21.334336173
    3.037867128   55.234812571   -4.571709719
    3.041401009   55.280804340   22.858913902
    3.044934891   55.405029116   32.207345657
    3.048468772   55.503783065   11.681970387
    3.052002653   55.489799453  -27.123844351
    3.055536534   55.359662850  -49.895161856
    3.059070416   55.210191167  -35.879311338
    3.062604297   55.165825470    2.008222837
    3.066138178   55.249463298   31.951273277
    3.069672059   55.381680162   30.958784264
    3.073205941   55.464110340    5.961173796
    3.076739822   55.459797589  -12.980613393
    3.080273703   55.428844509   -7.391296469
    3.083807584   55.453767652   13.124685818
    3.087341466   55.545018471   27.943703037
    3.090875347   55.651770394   23.121364526
    3.094409228   55.714149710    2.343548578
    3.097943109   55.701672468  -17.228850321
    3.101476991   55.635861083  -24.189427705
    3.105010872   55.568392869  -22.103942478
    3.108544753   55.513805884  -17.850021243
    3.112078635   55.467228950  -15.345697459
    3.115612516   55.432269197  -11.220025357
    3.119146397   55.424229837   -0.542205671
    3.122680278   55.465321170   15.268600337
    3.126214160   55.549399696   22.871536195
    3.129748041   55.633879518   13.727357565
    3.133281922   55.664428858   -4.615599485
    3.136815803   55.633678799  -17.291655888
    3.140349685   55.581124576  -19.022362618
    3.143883566   55.537352415  -14.751450769
    3.147417447   55.504030015  -12.351024725
    3.150951328   55.477408256  -10.404092471
    3.154485210   55.466394559   -1.723330103
    3.158019091   55.494095269    7.746591151
    3.161552972   55.540813462    8.418706013
    3.165086853   55.566966891   -1.343091142
    3.168620735   55.563568711   -6.331587880
    3.172154616   55.574089323    6.882288774
    3.175688497   55.648955864   27.223716731
    3.179222378   55.768408067   29.127817962
    3.182756260   55.852601046    6.268832606
    3.186290141   55.847302193  -13.950756456
    3.189824022   55.803692887  -14.072831291
    3.193357904   55.791919661   -1.195513241
    3.196891785   55.812577550    1.898941016
    3.200425666   55.807449171  -17.346908070
    3.203959547   55.724557344  -34.202438198
    3.207493429   55.618993228  -28.354167051
    3.211027310   55.581758039    1.046404509
    3.214561191   55.649700426   23.758090142
    3.218095072   55.748046809   18.925978451
    3.221628954   55.784700792   -7.181858678
    3.225162835   55.732293898  -24.818588048
    3.228696716   55.666262007  -16.898070229
    3.232230597   55.661884430    6.222542429
    3.235764479   55.724542352   16.588321669
    3.239298360   55.777246004    0.873372042
    3.242832241   55.747400424  -25.933298001
    3.246366122   55.642215324  -35.807540833
    3.249900004   55.553751011  -19.359235897
    3.253433885   55.550453477    6.910841109
    3.256967766   55.614007978   18.090017729
    3.260501647   55.674318304    6.920722858
    3.264035529   55.689544439   -5.648776350
    3.267569410   55.692444578    2.422102487
    3.271103291   55.749587958   21.264147195
    3.274637173   55.851528984   23.974406312
    3.278171054   55.914153086    0.484068386
    3.281704935   55.876819344  -27.437626659
    3.285238816   55.776552183  -29.848652881
    3.288772698   55.725541311   -3.934103292
    3.292306579   55.784697019   25.132438794
    3.295840460   55.908546327   31.851822016
    3.299374341   56.006736438   13.274053810
    3.302908223   56.027862285   -6.165976209
    3.306442104   56.013287622   -6.987476653
    3.309975985   56.032820616   11.442161028
    3.313509866   56.121733949   29.392738167
    3.317043748   56.246648170   29.797525579
    3.320577629   56.339618545   13.416441542
    3.324111510   56.361930614   -7.678057342
    3.327645391   56.325234920  -18.875546432
    3.331179273   56.284020232   -8.966617521
    3.334713154   56.310543145   17.860678110
    3.338247035   56.440487472   46.210836468
    3.341780917   56.643549887   57.426237338
    3.345314798   56.843128180   42.493040073
    3.348848679   56.958477065   13.134066291
    3.352382560   56.975342356   -8.212914641
    3.355916442   56.947192908  -12.231222026
    3.359450323   56.931767902   -4.166753871
    3.362984204   56.944649959    2.663440279
    3.366518085   56.971293297    2.009076557
    3.370051967   56.990797556    2.811308016
    3.373585848   57.025600587   11.069836071
    3.377119729   57.104921624   24.943892887
    3.380653610   57.225857998   31.510020588
    3.384187492   57.342060853   24.731997340
    3.387721373   57.414043976    9.212522918
    3.391255254   57.438853366   -0.321280363
    3.394789135   57.453148092    0.505349339
    3.398323017   57.473717504    2.395586401
    3.401856898   57.486560970   -4.406935007
    3.405390779   57.471441942  -11.090317543
    3.408924660   57.449729944   -7.363895182
    3.412458542   57.461971487    7.509639664
    3.415992423   57.526542413   19.742775437
    3.419526304   57.616615567   19.634530224
    3.423060186   57.691956467   15.273470754
    3.426594067   57.759778929   18.093312634
    3.430127948   57.849533486   23.572991273
    3.433661829   57.953991730   26.199807022
    3.437195711   58.054022886   20.500365860
    3.440729592   58.128417740   12.630928051
    3.444263473   58.180227020   10.210832332
    3.447797354   58.230066573   10.391095760
    3.451331236   58.278537150    7.367008571
    3.454865117   58.310251026    2.578703685
    3.458398998   58.331929422    3.184585187
    3.461932879   58.368213853   11.229287493
    3.465466761   58.442522080   22.808841048
    3.469000642   58.552996065   30.283091754
    3.472534523   58.675916228   30.821804795
    3.476068404   58.796195968   30.374277334
    3.479602286   58.922028233   32.434344589
    3.483136167   59.058036115   36.894714028
    3.486670048   59.208900344   40.638959101
    3.490203929   59.368209453   39.741109870
    3.493737811   59.517979591   36.727314310
    3.497271692   59.653316529   32.635943769
    3.500805573   59.774692808   28.978020303
    3.504339455   59.890260495   27.575689816
    3.507873336   60.003538035   28.492397209
    3.511407217   60.113675794   26.049686846
    3.514941098   60.209119489   19.732285327
    3.518474980   60.286551676   17.111595368
    3.522008861   60.370100341   23.815540903
    3.525542742   60.491798077   36.317928979
    3.529076623   60.649889747   44.900817525
    3.532610505   60.822323888   44.789675538
    3.536144386   60.994720765   44.536782824
    3.539678267   61.180952553   54.955508827
    3.543212148   61.413388893   67.473494365
    3.546746030   61.675867737   69.702383161
    3.550279911   61.920064806   59.000469264
    3.553813792   62.112581103   41.580628851
    3.557347673   62.248673217   30.071445961
    3.560881555   62.361666426   28.660253069
    3.564415436   62.489894135   35.589437727
    3.567949317   62.660585923   54.625770946
    3.571483199   62.911011103   79.460627291
    3.575017080   63.241481980   98.304025273
    3.578550961   63.607843577   97.598508147
    3.582084842   63.941900753   80.507209270
    3.585618724   64.216041380   70.909394570
    3.589152605   64.493821721   82.439345726
    3.592686486   64.845777518  110.493018282
    3.596220367   65.292108695  130.427312282
    3.599754249   65.771438029  129.021801645
    3.603288130   66.218636618  115.925765005
    3.606822011   66.631176545  113.320172235
    3.610355892   67.067509478  127.181462161
    3.613889774   67.563438261  144.954796244
    3.617423655   68.107388431  151.668635857
    3.620957536   68.654473527  150.235622936
    3.624491417   69.196081836  150.814525246
    3.628025299   69.757686316  160.466780297
    3.631559180   70.359883883  171.948891909
    3.635093061   70.985111825  171.849455738
    3.638626942   71.583753867  155.964033821
    3.642160824   72.110682798  135.763222220
    3.645694705   72.583551157  127.287345454
    3.649228586   73.060869377  137.033768447
    3.652762468   73.590169939  154.375040368
    3.656296349   74.161882684  157.701806247
    3.659830230   74.706096541  140.681657199
    3.663364111   75.178912269  121.468807803
    3.666897993   75.619183441  125.109609023
    3.670431874   76.118154744  153.889033947
    3.673965755   76.730072604  181.854160465
    3.677499636   77.399039313  184.090527086
    3.681033518   78.024457328  159.264286657
    3.684567399   78.551992479  133.740902139
    3.688101280   79.024160910  129.030625762
    3.691635161   79.519233407  146.787103194
    3.695169043   80.091258298  168.787177002
    3.698702924   80.728496365  181.338157376
    3.702236805   81.385364514  182.247053658
    3.705770686   82.027602770  171.154548848
    3.709304568   82.613983456  153.132623266
    3.712838449   83.136130041  136.489563055
    3.716372330   83.623637133  134.112639017
    3.719906212   84.135864957  151.375693940
    3.723440093   84.721503899  171.620670977
    3.726973974   85.352834951  174.039724696
    3.730507855   85.949479753  151.400551329
    3.734041737   86.443907062  122.639893606
    3.737575618   86.862503347  112.842014910
    3.741109499   87.296653425  128.941324110
    3.744643380   87.826104055  163.400641086
    3.748177262   88.480693672  199.501292639
    3.751711143   89.249226867  226.314545640
    3.755245024   90.082023680  232.952114601
    3.758778905   90.880615042  204.147429853
    3.762312787   91.499234345  135.023484247
    3.765846668   91.852943457   62.648194176
    3.769380549   92.045207327   53.574234437
    3.772914430   92.396983739  155.114745071
    3.776448312   93.245517032  316.743420702
    3.779982193   94.555470600  383.560270802
    3.783516074   95.689288378  200.071622327
    3.787049955   95.709572217 -218.345552196
    3.790583837   94.243300626 -569.273832904
    3.794117718   92.387153406 -355.260933451
    3.797651599   92.885499730  793.300054617
    3.801185481   99.044514887 2785.003700323
    3.804719362  112.876845954 5001.179774161
    3.808253243  133.692267818 6607.459779125
    3.811787124  158.188220536 7032.555680083
    3.815321006  181.999912716 6264.548793097
    3.818854887  201.638446395 4773.234723884
    3.822388768  215.641704983 3168.698996118
    3.825922649  224.460590273 1889.118765344
    3.829456531  229.574342669 1071.774744891
    3.832990412  232.517693194  639.685969188
    3.836524293  234.390507591  440.967340140
    3.840058174  235.795688366  356.024425432
    3.843592056  237.011533367  321.576934803
    3.847125937  238.146484039  315.203768087
    3.850659818  239.267751949  315.035439334
    3.854193699  240.387675849  314.552237835
    3.857727581  241.501791405  314.122723517
    3.861261462  242.614012955  312.678724371
    3.864795343  243.719161484  310.294187042
    3.868329224  244.823726596  312.956854009
    3.871863106  245.969303097  337.444053094
    3.875396987  247.253242520  391.485543248
    3.878930868  248.760015865  457.317858156
    3.882464750  250.462179041  494.719784760
    3.885998631  252.190762784  470.436722532
    3.889532512  253.734995924  396.068591363
    3.893066393  255.004371712  325.101735621
    3.896600275  256.112090861  311.684864472
    3.900134156  257.304314236  371.510038018
    3.903668037  258.797500561  472.787634112
    3.907201918  260.649041800  568.210015882
    3.910735800  262.763960893  618.443971889
    3.914269681  264.960968310  615.124369777
    3.917803562  267.084647445  582.189359343
    3.921337443  269.090269847  554.586155007
    3.924871325  271.051914318  558.807144938
    3.928405206  273.088412833  597.174944784
    3.931939087  275.286272996  643.085966784
    3.935472968  277.608949975  660.672843771
    3.939006850  279.900814401  623.347826455
    3.942540731  281.956727156  532.067788163
    3.946074612  283.640264055  419.103002440
    3.949608494  284.968659332  339.724183017
    3.953142375  286.143232240  338.624788366
    3.956676256  287.469348010  423.497869774
    3.960210137  289.208594179  563.075111410
    3.963744019  291.458739864  704.930339811
    3.967277900  294.132655980  793.397270435
    3.970811781  296.975135942  798.737147504
    3.974345662  299.678907193  717.081693047
    3.977879544  301.978045483  575.728236361
    3.981413425  303.737673156  421.763972976
    3.984947306  304.994988097  296.732123046
    3.988481187  305.897240122  221.760790846
    3.992015069  306.613778028  187.836890460
    3.995548950  307.247521819  170.521323986
    3.999082831  307.817296149  148.452626222
    4.002616712  308.289183723  116.388238770
    4.006150594  308.635803161   79.740807649
    4.009684475  308.859791380   46.506515906
    4.013218356  308.981679944   24.075667383
    4.016752237  309.040839180   10.776205375
    4.020286119  309.065762593    4.190705704
    4.023820000  309.074913099    1.420639405
