#! FIELDS d1 file.free der_d1
#! SET min_d1 0.214296
#! SET max_d1 4.02382
#! SET nbins_d1  1079
#! SET periodic_d1 false
    0.214296000  289.477190684   -0.000000000
    0.217829881  289.477063409   -0.053781874
    0.221363763  289.474310583   -1.152431676
    0.224897644  289.462165731   -5.635329895
    0.228431525  289.419313244  -20.016788712
    0.231965406  289.286524528  -60.118780868
    0.235499288  288.925066811 -156.759552092
    0.239033169  288.048233126 -361.542311509
    0.242567050  286.162322928 -738.265954057
    0.246100931  282.563070178 -1335.982107532
    0.249634813  276.461963362 -2145.034006925
    0.253168694  267.268365569 -3059.765310076
    0.256702575  254.935423756 -3885.415008450
    0.260236456  240.156437486 -4412.419376844
    0.263770338  224.245618678 -4518.271220915
    0.267304219  208.675197824 -4238.903096443
    0.270838100  194.534731968 -3744.003932037
    0.274371981  182.217222214 -3237.489689323
    0.277905863  171.498162525 -2852.221698072
    0.281439744  161.877198650 -2612.105432300
    0.284973625  152.913802984 -2468.971805528
    0.288507506  144.376292314 -2363.391831808
    0.292041388  136.196402805 -2264.044634614
    0.295575269  128.363094365 -2168.034654454
    0.299109150  120.849968682 -2084.751110027
    0.302643032  113.600389452 -2021.925742688
    0.306176913  106.535410229 -1980.909528820
    0.309710794   99.587071418 -1954.990602275
    0.313244675   92.719336165 -1934.305036865
    0.316778557   85.931179696 -1907.285861732
    0.320312438   79.250890409 -1875.758058639
    0.323846319   72.683176107 -1845.544250442
    0.327380200   66.203794926 -1826.801254706
    0.330914082   59.773869735 -1816.408340287
    0.334447963   53.389439480 -1797.782279122
    0.337981844   47.116114028 -1748.972509605
    0.341515725   41.084269248 -1664.365088951
    0.345049607   35.402072902 -1552.559879216
    0.348583488   30.131792049 -1435.663269527
    0.352117369   25.268037526 -1323.534690293
    0.355651250   20.790284311 -1216.626010931
    0.359185132   16.694881825 -1104.654188937
    0.362719013   13.014557025 -981.528522236
    0.366252894    9.792507753 -848.469081945
    0.369786776    7.049949162 -710.478306612
    0.373320657    4.787531437 -576.371439768
    0.376854538    2.988082643 -451.344898244
    0.380388419    1.620350980 -332.266878863
    0.383922301    0.667705416 -214.724545697
    0.387456182    0.128211945  -98.277507856
    0.390990063    0.000000000   16.764610278
    0.394523944    0.270275892  125.944768400
    0.398057826    0.907103699  223.105711036
    0.401591707    1.859683858  305.075581808
    0.405125588    3.076680955  372.845368682
    0.408659469    4.521657832  432.838950823
    0.412193351    6.167540019  489.888506647
    0.415727232    8.000840055  537.052142032
    0.419261113    9.979409293  568.488211911
    0.422794994   12.029389168  577.949833177
    0.426328876   14.066987708  562.368628376
    0.429862757   16.015144264  527.781301421
    0.433396638   17.827391540  489.816752649
    0.436930519   19.511298346  453.131669159
    0.440464401   21.062629421  414.296262169
    0.443998282   22.452136954  360.847042866
    0.447532163   23.626330883  293.510824184
    0.451066045   24.564376437  231.537879565
    0.454599926   25.323732225  193.364305840
    0.458133807   25.990205425  176.928867592
    0.461667688   26.610189091  163.006493447
    0.465201570   27.163437565  138.370833396
    0.468735451   27.607280759  103.292979718
    0.472269332   27.921131799   66.380927444
    0.475803213   28.111181419   31.877109295
    0.479337095   28.184152780    1.188167678
    0.482870976   28.156126523  -23.753240877
    0.486404857   28.054027008  -41.395590901
    0.489938738   27.899522954  -52.388783962
    0.493472620   27.703965832  -69.441594081
    0.497006501   27.435035976  -93.346946185
    0.500540382   27.078440166 -114.277703897
    0.504074263   26.670448452 -120.532361272
    0.507608145   26.276803130 -106.951725699
    0.511142026   25.951344386  -88.401596099
    0.514675907   25.669808379  -83.076504191
    0.518209788   25.361480593 -102.648739587
    0.521743670   24.956367941 -135.345385827
    0.525277551   24.444986730 -159.017414594
    0.528811432   23.888750067 -159.722986061
    0.532345314   23.367181542 -143.041685583
    0.535879195   22.911787265 -123.742584804
    0.539413076   22.500737852 -119.116905546
    0.542946957   22.081565889 -130.979043394
    0.546480839   21.608638118 -143.574800977
    0.550014720   21.100492364 -151.599527723
    0.553548601   20.578641897 -152.620314509
    0.557082482   20.054983267 -152.821679604
    0.560616364   19.522136554 -157.395491284
    0.564150245   18.973182504 -159.344696832
    0.567684126   18.438234127 -149.342472581
    0.571218007   17.961988448 -126.415129328
    0.574751889   17.570717416 -104.765012147
    0.578285770   17.239619072  -94.581870231
    0.581819651   16.914418785  -98.004382444
    0.585353532   16.569894657 -104.617321919
    0.588887414   16.217717144 -102.194918130
    0.592421295   15.898595693  -85.127636791
    0.595955176   15.657691132  -57.306355318
    0.599489058   15.519720818  -30.920564894
    0.603022939   15.459872407  -12.055867558
    0.606556820   15.442073733   -7.525671539
    0.610090701   15.426705751  -11.825907522
    0.613624583   15.397166886  -12.269779916
    0.617158464   15.384578199   -0.827053020
    0.620692345   15.432521787   19.198806214
    0.624226226   15.551952489   37.199539663
    0.627760108   15.714645264   43.430082214
    0.631293989   15.885342899   44.100065865
    0.634827870   16.071397924   54.425478243
    0.638361751   16.318334350   78.994854822
    0.641895633   16.659113466  103.653910227
    0.645429514   17.065826310  114.452548414
    0.648963395   17.482295573  112.639074809
    0.652497276   17.894047740  114.199959858
    0.656031158   18.341349308  133.395283421
    0.659565039   18.882114509  165.388120474
    0.663098920   19.530436547  187.976943483
    0.666632801   20.227543696  196.917586632
    0.670166683   20.941189729  200.464502507
    0.673700564   21.687231722  214.139296976
    0.677234445   22.502088243  238.487687318
    0.680768327   23.396544903  258.694406086
    0.684302208   24.340789454  265.050894619
    0.687836089   25.297422653  267.559751802
    0.691369970   26.271592469  277.755940106
    0.694903852   27.293774535  291.487851643
    0.698437733   28.357149322  297.906174456
    0.701971614   29.420936849  294.110724718
    0.705505495   30.467154692  291.815911863
    0.709039377   31.530904907  303.346244569
    0.712573258   32.654735882  321.953501096
    0.716107139   33.825509515  328.523151253
    0.719641020   34.978679476  311.113773273
    0.723174902   36.042526858  282.156038315
    0.726708783   37.009191074  258.883920925
    0.730242664   37.914091713  245.171640606
    0.733776545   38.772488481  231.220968524
    0.737310427   39.568071398  207.342365360
    0.740844308   40.266635101  180.141392523
    0.744378189   40.873194932  158.206275042
    0.747912071   41.417814200  143.054149912
    0.751445952   41.909534831  123.999503206
    0.754979833   42.310767663   92.425273359
    0.758513714   42.572464890   47.293638960
    0.762047596   42.672386347    2.069485280
    0.765581477   42.634080661  -28.000201131
    0.769115358   42.523613442  -40.486286537
    0.772649239   42.390886221  -43.166423415
    0.776183121   42.247957304  -45.798841598
    0.779717002   42.082252042  -56.165558403
    0.783250883   41.868227886  -73.732201845
    0.786784764   41.591455441  -90.213298503
    0.790318646   41.272364310  -96.036723771
    0.793852527   40.957943257  -87.520039485
    0.797386408   40.694992970  -68.928663756
    0.800920289   40.496819461  -51.924527343
    0.804454171   40.335235727  -49.507564095
    0.807988052   40.162509414  -56.869091854
    0.811521933   39.967936117  -57.079659304
    0.815055814   39.808142001  -38.909450574
    0.818589696   39.743614324   -4.047199023
    0.822123577   39.798168528   25.099570385
    0.825657458   39.922469554   32.812801620
    0.829191340   40.043641652   27.229978791
    0.832725221   40.144093442   22.619222223
    0.836259102   40.249315759   31.738356242
    0.839792983   40.397389074   42.707986081
    0.843326865   40.568421832   44.554898180
    0.846860746   40.729441985   37.211613834
    0.850394627   40.865900990   34.412352493
    0.853928508   41.015640029   46.228026957
    0.857462390   41.232528663   67.736173536
    0.860996271   41.518846430   83.024128313
    0.864530152   41.829388375   82.414635823
    0.868064033   42.114964083   70.590453134
    0.871597915   42.357287584   59.615349513
    0.875131796   42.569671249   52.793064134
    0.878665677   42.755370287   43.710433243
    0.882199558   42.887981756   21.524748864
    0.885733440   42.920362435  -13.390632194
    0.889267321   42.824088227  -45.548986028
    0.892801202   42.640108302  -62.247220698
    0.896335083   42.437939211  -59.553133011
    0.899868965   42.258970456  -49.453573394
    0.903402846   42.107825651  -44.521791510
    0.906936727   41.965295652  -42.992509360
    0.910470609   41.843786672  -30.980459565
    0.914004490   41.786700948   -9.314058253
    0.917538371   41.798171650    6.265493255
    0.921072252   41.828648142   -1.144779474
    0.924606134   41.801934331  -23.683150414
    0.928140015   41.701926962  -35.888612324
    0.931673896   41.596979790  -26.676343813
    0.935207777   41.556356375   -7.826416487
    0.938741659   41.572139973    8.231434812
    0.942275540   41.622600444   10.455176386
    0.945809421   41.676436740   13.974125168
    0.949343302   41.758164849   26.666607659
    0.952877184   41.894580721   41.236098482
    0.956411065   42.062222139   41.606607624
    0.959944946   42.196478091   25.731626563
    0.963478827   42.265056975    6.732671965
    0.967012709   42.293559890    4.990323855
    0.970546590   42.351166577   22.324625560
    0.974080471   42.480759764   39.631346401
    0.977614353   42.641337942   40.911477059
    0.981148234   42.767396284   19.967996539
    0.984682115   42.809150551   -1.975139053
    0.988215996   42.798565152   -8.759394332
    0.991749878   42.801229536    3.009219409
    0.995283759   42.859106610   20.711556441
    0.998817640   42.963457855   28.658020860
    1.002351521   43.080516665   28.879186123
    1.005885403   43.200466447   32.466622965
    1.009419284   43.351281727   45.240180223
    1.012953165   43.555129933   61.370529988
    1.016487046   43.803584210   70.219029623
    1.020020928   44.065945249   68.176441312
    1.023554809   44.303097800   57.402305717
    1.027088690   44.491101180   38.946478989
    1.030622571   44.607457258   17.381151566
    1.034156453   44.656679509    4.586889273
    1.037690334   44.686222315    7.586936280
    1.041224215   44.751384046   23.070343153
    1.044758096   44.866914638   32.322615298
    1.048291978   44.980978996   19.651718782
    1.051825859   45.016834210   -8.333429482
    1.055359740   44.953751488  -31.929250099
    1.058893622   44.840701217  -34.632350854
    1.062427503   44.759001618  -18.811319668
    1.065961384   44.745328301    1.369227264
    1.069495265   44.782526836    9.297699341
    1.073029147   44.819274761    1.529988325
    1.076563028   44.814889829  -10.632845731
    1.080096909   44.784338358  -13.781645821
    1.083630790   44.764870716   -4.307715576
    1.087164672   44.778041716    2.855942627
    1.090698553   44.785557467   -9.843480570
    1.094232434   44.712615489  -40.148640505
    1.097766315   44.536463602  -65.130363277
    1.101300197   44.317626094  -61.011517540
    1.104834078   44.168657894  -27.039994683
    1.108367959   44.159784666   12.930428662
    1.111901840   44.263793874   32.115099558
    1.115435722   44.378518534   22.299467115
    1.118969603   44.430688985   -1.796264642
    1.122503484   44.411048233  -14.684927756
    1.126037365   44.385969406   -3.367476877
    1.129571247   44.428908471   20.575662787
    1.133105128   44.545130274   33.979141377
    1.136639009   44.663729060   20.970346298
    1.140172891   44.696894376  -13.574639177
    1.143706772   44.604934044  -43.966738129
    1.147240653   44.443982059  -49.157946845
    1.150774534   44.316333028  -27.844242380
    1.154308416   44.284655774    1.401842398
    1.157842297   44.332790321   13.361971184
    1.161376178   44.379317959    3.135066647
    1.164910059   44.370859909  -14.456448366
    1.168443941   44.319719209  -19.678589394
    1.171977822   44.279139744   -7.620180587
    1.175511703   44.293007837    6.280886773
    1.179045584   44.338524180    9.071207537
    1.182579466   44.370647329   -0.170476572
    1.186113347   44.363501993  -11.720941347
    1.189647228   44.327684990  -14.577963441
    1.193181109   44.295585373  -11.161740965
    1.196714991   44.278886124   -8.481988556
    1.200248872   44.259817249   -8.704639232
    1.203782753   44.237187041  -11.247505615
    1.207316635   44.213210763   -7.829660974
    1.210850516   44.215707376    2.031092659
    1.214384397   44.256014893   12.008039872
    1.217918278   44.315806329   10.686082614
    1.221452160   44.344586240   -2.010338501
    1.224986041   44.326758034  -13.438164337
    1.228519922   44.299324311   -6.394150773
    1.232053803   44.340981338   21.929452242
    1.235587685   44.490669485   54.851301652
    1.239121566   44.722042738   63.285015392
    1.242655447   44.929163237   41.189850993
    1.246189328   45.024787696    6.072559002
    1.249723210   45.014825183  -15.445722117
    1.253257091   44.982535569   -6.862477792
    1.256790972   45.023134593   24.359325640
    1.260324853   45.177295179   52.109912776
    1.263858735   45.389538963   56.933482293
    1.267392616   45.575363409   37.901892829
    1.270926497   45.680877547   14.873746943
    1.274460378   45.732410151   10.062194894
    1.277994260   45.804590583   24.962242475
    1.281528141   45.941954764   43.835888396
    1.285062022   46.127612212   52.395060605
    1.288595904   46.319875106   46.630068251
    1.292129785   46.486863628   39.417211542
    1.295663666   46.635844551   39.320331276
    1.299197547   46.787689468   38.921937590
    1.302731429   46.930619725   31.638338464
    1.306265310   47.040894039   24.752393046
    1.309799191   47.141740503   28.081294926
    1.313333072   47.282729684   45.629774043
    1.316866954   47.488721352   60.036617146
    1.320400835   47.710482841   54.694805213
    1.323934716   47.876122902   29.598860034
    1.327468597   47.949519673    6.112476696
    1.331002479   47.970491417    1.371424424
    1.334536360   48.005426145   12.691802719
    1.338070241   48.085389868   22.276630747
    1.341604122   48.179546509   21.499007076
    1.345138004   48.252685357   11.616078896
    1.348671885   48.287075836    0.573698575
    1.352205766   48.298283434   -2.679693107
    1.355739647   48.316516137    6.515969188
    1.359273529   48.371660929   17.032340533
    1.362807410   48.445729657   12.634028267
    1.366341291   48.469243372   -9.312421129
    1.369875173   48.401046360  -34.834988695
    1.373409054   48.274929764  -39.664169488
    1.376942935   48.175143212  -22.436730040
    1.380476816   48.137001543   -8.977182814
    1.384010698   48.103851333  -22.185186058
    1.387544579   47.994139555  -47.588524097
    1.391078460   47.821814784  -51.721779658
    1.394612341   47.694931048  -22.156180969
    1.398146223   47.693761421   10.752741409
    1.401680104   47.763440702   13.609943519
    1.405213985   47.781849144  -13.779727099
    1.408747866   47.698852256  -35.158679441
    1.412281748   47.600565423  -22.518865160
    1.415815629   47.601765758   16.836812030
    1.419349510   47.735793577   46.418828665
    1.422883391   47.914422096   40.281149618
    1.426417273   48.017475336    9.949481963
    1.429951154   48.018317471  -12.579080417
    1.433485035   47.992467081   -7.554329506
    1.437018917   48.024315564   18.149394690
    1.440552798   48.131753249   32.390660570
    1.444086679   48.244473533   19.119778232
    1.447620560   48.277017273   -8.085196627
    1.451154442   48.227361621  -25.798253450
    1.454688323   48.154903671  -20.384794052
    1.458222204   48.121479423   -4.251943092
    1.461756085   48.139173871    4.722260547
    1.465289967   48.166850691    2.425598772
    1.468823848   48.180825321   -0.476580485
    1.472357729   48.198374092    4.792050872
    1.475891610   48.249654969   15.848490150
    1.479425492   48.329288530   19.623425797
    1.482959373   48.391475593    8.141259702
    1.486493254   48.400355487  -11.540031433
    1.490027135   48.360421115  -16.368123713
    1.493561017   48.343677701    3.846120439
    1.497094898   48.427186313   35.737447117
    1.500628779   48.612222125   58.006958214
    1.504162660   48.827787949   49.860848658
    1.507696542   48.965167859   17.152100740
    1.511230423   48.967526389  -21.705983614
    1.514764304   48.861680637  -42.698131862
    1.518298186   48.730348511  -34.547270632
    1.521832067   48.663989403  -11.073339392
    1.525365948   48.676368940    9.777037022
    1.528899829   48.738836100   15.480839465
    1.532433711   48.809036611   17.295721003
    1.535967592   48.897468578   27.781446856
    1.539501473   49.041949689   46.383242052
    1.543035354   49.245559683   59.923912816
    1.546569236   49.463945418   51.494259572
    1.550103117   49.612306018   23.075449169
    1.553636998   49.649081487   -8.194289766
    1.557170879   49.604372489  -18.139568680
    1.560704761   49.582354263    2.652732517
    1.564238642   49.672666476   41.020056910
    1.567772523   49.885048682   68.737544387
    1.571306404   50.141691954   62.687323101
    1.574840286   50.328497773   32.476271935
    1.578374167   50.403490656    5.623551818
    1.581908048   50.430139099    8.174752064
    1.585441929   50.520774669   37.254494686
    1.588975811   50.727501190   69.979444414
    1.592509692   51.006791017   75.316858838
    1.596043573   51.244891149   48.335629132
    1.599577455   51.359647631   10.194634799
    1.603111336   51.368414771   -9.036713297
    1.606645217   51.365667817    4.925456583
    1.610179098   51.447453637   34.210044177
    1.613712980   51.622474552   52.979695151
    1.617246861   51.822437642   48.817960430
    1.620780742   51.983938542   35.126842012
    1.624314623   52.112343662   31.455540106
    1.627848505   52.252017495   41.737089977
    1.631382386   52.428136485   47.751334011
    1.634916267   52.593885602   36.602001004
    1.638450148   52.695058070   13.078801683
    1.641984030   52.726525205   -0.065521718
    1.645517911   52.753053771   11.889452529
    1.649051792   52.851041846   35.871092027
    1.652585673   53.024923610   50.163306275
    1.656119555   53.209195215   44.579506328
    1.659653436   53.346085593   24.239153272
    1.663187317   53.414928611    9.949810996
    1.666721199   53.458325260    9.271875032
    1.670255080   53.518996816   18.682447551
    1.673788961   53.614399201   26.723193139
    1.677322842   53.726843113   28.726092451
    1.680856724   53.843560358   27.387720334
    1.684390605   53.953724092   28.902189216
    1.687924486   54.070331719   28.992496201
    1.691458367   54.181429612   23.754966002
    1.694992249   54.261365019   15.103604017
    1.698526130   54.308806152    4.650051677
    1.702060011   54.332710697    2.716240047
    1.705593892   54.366079224   10.941261424
    1.709127774   54.438549519   22.723407826
    1.712661655   54.548246214   30.727701481
    1.716195536   54.673318710   32.122703592
    1.719729417   54.794407972   27.345298701
    1.723263299   54.892542359   21.092555965
    1.726797180   54.967252777   14.296311989
    1.730331061   55.020254621    7.200082421
    1.733864942   55.045989792   -0.363231956
    1.737398824   55.042229776   -9.049258097
    1.740932705   55.009958974  -15.931423837
    1.744466586   54.962969787  -16.963648173
    1.748000468   54.927439256  -10.968907354
    1.751534349   54.915858951   -2.297635249
    1.755068230   54.929725630    4.291972974
    1.758602111   54.969934063   10.899473817
    1.762135993   55.043729089   24.115809890
    1.765669874   55.174496138   41.381978598
    1.769203755   55.359593923   54.329971094
    1.772737636   55.564633394   50.863466070
    1.776271518   55.726173195   30.784096763
    1.779805399   55.799627760    3.445492927
    1.783339280   55.783528576  -16.446054456
    1.786873161   55.733886403  -16.586641435
    1.790407043   55.723881133    7.115908962
    1.793940924   55.818479551   36.865730893
    1.797474805   55.993535022   51.406715451
    1.801008686   56.177407581   40.602059782
    1.804542568   56.296575536   17.488680752
    1.808076449   56.342517065    3.328641332
    1.811610330   56.363501816    4.814950357
    1.815144212   56.402245018    9.278916971
    1.818678093   56.444617499    5.375505505
    1.822211974   56.460235762   -5.402651668
    1.825745855   56.448063541   -6.537663357
    1.829279737   56.462825943   13.161083283
    1.832813618   56.573061158   41.758736292
    1.836347499   56.772509693   59.061890634
    1.839881380   56.982448681   48.170185216
    1.843415262   57.105778027   12.895121149
    1.846949143   57.103519981  -20.764296208
    1.850483024   57.020945083  -28.600752889
    1.854016905   56.957098170  -12.967459035
    1.857550787   56.970030853   13.475428998
    1.861084668   57.070745825   34.661321395
    1.864618549   57.232722638   47.673186000
    1.868152430   57.427019820   52.425265297
    1.871686312   57.621298784   48.868318927
    1.875220193   57.781766983   34.277248206
    1.878754074   57.884718126   15.220776965
    1.882287955   57.926938699    2.723908642
    1.885821837   57.944008831    2.320552330
    1.889355718   57.980802774   12.435275199
    1.892889599   58.068369474   28.638498968
    1.896423481   58.203690100   38.927650048
    1.899957362   58.350771498   34.452993010
    1.903491243   58.456147595   16.831528570
    1.907025124   58.495731066    0.290067084
    1.910559006   58.503065174   -0.048325933
    1.914092887   58.541322387   16.070771044
    1.917626768   58.637687717   30.562052348
    1.921160649   58.758431662   27.506725768
    1.924694531   58.841071432    8.944640004
    1.928228412   58.855142191   -5.177461816
    1.931762293   58.845582614   -4.605647421
    1.935296174   58.861547349    6.950384923
    1.938830056   58.911915964   11.255558700
    1.942363937   58.948516254   -0.165678634
    1.945897818   58.923959785  -19.246562824
    1.949431699   58.853403401  -24.357601327
    1.952965581   58.802960348   -8.444299919
    1.956499462   58.830059405   14.269922900
    1.960033343   58.915734475   24.711976208
    1.963567224   59.006643451   16.909454267
    1.967101106   59.064171380    8.270333426
    1.970634987   59.109416117   10.729448383
    1.974168868   59.170714957   18.168695708
    1.977702750   59.245955351   14.191605925
    1.981236631   59.287791846   -0.539039368
    1.984770512   59.268884526  -16.050997874
    1.988304393   59.206326509  -23.481703612
    1.991838275   59.141150402  -20.602369115
    1.995372156   59.100413623   -8.626050246
    1.998906037   59.105031799    3.827902179
    2.002439918   59.144915953   10.477616017
    2.005973800   59.185866096    5.003479091
    2.009507681   59.200509043   -5.559095560
    2.013041562   59.190328340   -5.320131844
    2.016575443   59.207670168   11.145913380
    2.020109325   59.296676150   31.509577781
    2.023643206   59.439055115   40.499387985
    2.027177087   59.582714956   29.286929388
    2.030710968   59.665233991   10.069151712
    2.034244850   59.681901168   -6.965695304
    2.037778731   59.653417762  -14.680869636
    2.041312612   59.608052927  -19.916047947
    2.044846494   59.541128077  -25.904545395
    2.048380375   59.447406648  -34.572949226
    2.051914256   59.327819248  -38.478841010
    2.055448137   59.216926871  -31.344448496
    2.058982019   59.151698277  -11.348331965
    2.062515900   59.160817083   10.651597482
    2.066049781   59.238169911   23.184529850
    2.069583662   59.338523769   23.329542057
    2.073117544   59.418676891   15.314291967
    2.076651425   59.465349736    3.742010015
    2.080185306   59.474002471   -6.497626008
    2.083719187   59.446216414  -15.669097892
    2.087253069   59.388457442  -22.884133919
    2.090786950   59.319662429  -21.219453786
    2.094320831   59.279701131   -8.394664720
    2.097854712   59.294647527   10.273709428
    2.101388594   59.363426601   20.220381882
    2.104922475   59.443740596   14.133229074
    2.108456356   59.480970031   -0.932830206
    2.111990237   59.463649737  -13.708449961
    2.115524119   59.422988634  -14.707080266
    2.119058000   59.400320498   -4.599167825
    2.122591881   59.417323195    3.978271623
    2.126125763   59.441541162    0.259960624
    2.129659644   59.430748828  -13.120136008
    2.133193525   59.381347772  -20.945385922
    2.136727406   59.335442607   -9.291349199
    2.140261288   59.353012614   11.823326956
    2.143795169   59.429049859   20.477830352
    2.147329050   59.492528632    4.425376962
    2.150862931   59.471816841  -22.784663791
    2.154396813   59.369377104  -38.768499280
    2.157930694   59.248196385  -33.972472579
    2.161464575   59.166949582  -19.234652791
    2.164998456   59.134433813   -7.103825077
    2.168532338   59.136374003    0.012309649
    2.172066219   59.162076026    8.582871074
    2.175600100   59.224244300   18.752302297
    2.179133981   59.306284820   17.255395376
    2.182667863   59.348154562   -4.212111049
    2.186201744   59.289166067  -36.277381823
    2.189735625   59.133672503  -53.504266107
    2.193269506   58.973754749  -39.658517698
    2.196803388   58.912325299   -0.139564792
    2.200337269   58.994602364   34.912403827
    2.203871150   59.153658287   43.245578207
    2.207405032   59.287992827   22.344694942
    2.210938913   59.328618260   -5.084335862
    2.214472794   59.291401551  -20.559215593
    2.218006675   59.224546527  -22.762915663
    2.221540557   59.168596769  -15.193635683
    2.225074438   59.148084189   -2.906690364
    2.228608319   59.173156137    9.324148031
    2.232142200   59.235240168   16.308971667
    2.235676082   59.303430018   12.797499688
    2.239209963   59.344725479    1.183702767
    2.242743844   59.348184314   -4.797942571
    2.246277725   59.349172256    1.353423754
    2.249811607   59.389136758   13.433871339
    2.253345488   59.464161568   18.231507806
    2.256879369   59.535406247   13.460624551
    2.260413250   59.574534219    1.884329659
    2.263947132   59.579897469   -4.493245511
    2.267481013   59.579305186   -4.069588868
    2.271014894   59.584686977   -0.495371323
    2.274548776   59.591220634   -5.034938497
    2.278082657   59.570077590  -15.292782389
    2.281616538   59.510951658  -24.585842521
    2.285150419   59.429516578  -27.009541683
    2.288684301   59.347141073  -28.328376282
    2.292218182   59.252181984  -35.445976351
    2.295752063   59.114218736  -47.516514056
    2.299285944   58.943291379  -54.749378903
    2.302819826   58.786053156  -35.768377476
    2.306353707   58.740293834    4.660510845
    2.309887588   58.841756811   41.693745209
    2.313421469   59.027283084   47.590191622
    2.316955351   59.171503499   23.847089990
    2.320489232   59.214646562   -4.082811640
    2.324023113   59.199003352   -6.810967025
    2.327556994   59.218520033   12.549989366
    2.331090876   59.309498017   29.149494721
    2.334624757   59.422885135   23.072119624
    2.338158638   59.488259199    6.326558474
    2.341692519   59.503733006   -2.493976207
    2.345226401   59.512210844    2.270626444
    2.348760282   59.543810533    5.756275521
    2.352294163   59.566629889   -2.326275550
    2.355828045   59.547255514  -16.351804737
    2.359361926   59.486750804  -21.456963619
    2.362895807   59.434944923  -12.844257655
    2.366429688   59.433067093    4.140540831
    2.369963570   59.485986356   14.390073419
    2.373497451   59.545295028   10.792571527
    2.377031332   59.565307553   -7.441745803
    2.380565213   59.519285480  -24.097739224
    2.384099095   59.437387236  -27.995679342
    2.387632976   59.368762717  -16.167858930
    2.391166857   59.349230357   -4.163950517
    2.394700738   59.355237082   -0.302295020
    2.398234620   59.367448593   -0.800558905
    2.401768501   59.389160117    7.690452780
    2.405302382   59.456494007   24.239842770
    2.408836263   59.575583308   32.607354999
    2.412370145   59.687998737   19.832433339
    2.415904026   59.723342264   -8.684754334
    2.419437907   59.656803236  -32.596405724
    2.422971788   59.538215956  -38.541235383
    2.426505670   59.435670498  -24.780195248
    2.430039551   59.397876829   -3.748143566
    2.433573432   59.426163965    9.033111296
    2.437107314   59.472610494    9.349504055
    2.440641195   59.495837518   -3.574658866
    2.444175076   59.465235018  -20.866715976
    2.447708957   59.388269518  -27.455875751
    2.451242839   59.320096005  -15.656851533
    2.454776720   59.323407306   12.950861087
    2.458310601   59.438921113   42.574744266
    2.461844482   59.631145861   54.870746460
    2.465378364   59.814823728   35.393134285
    2.468912245   59.881262520   -5.986496485
    2.472446126   59.803398526  -41.500052116
    2.475980007   59.653647587  -44.273159232
    2.479513889   59.559714599  -13.113762573
    2.483047770   59.591900964   21.455024849
    2.486581651   59.703103123   29.723062965
    2.490115532   59.791403848    8.197478291
    2.493649414   59.783193477  -18.216045975
    2.497183295   59.703313279  -31.205198592
    2.500717176   59.604467074  -29.909309061
    2.504251058   59.518674629  -25.330252356
    2.507784939   59.451578503  -20.851925132
    2.511318820   59.405444002   -9.689965974
    2.514852701   59.413856412    8.225272018
    2.518386583   59.487457576   22.890762224
    2.521920464   59.589900232   25.673974263
    2.525454345   59.676732071   13.632960070
    2.528988226   59.713198486    0.931636343
    2.532522108   59.717887354   -3.137088851
    2.536055989   59.728415050    2.009788863
    2.539589870   59.762892350   10.199402839
    2.543123751   59.816926351   11.051087915
    2.546657633   59.856548081    3.106808732
    2.550191514   59.856741808  -10.473481390
    2.553725395   59.817970082  -15.503715413
    2.557259276   59.790235539   -6.483356263
    2.560793158   59.813370259   13.640884981
    2.564327039   59.891977854   19.369147330
    2.567860920   59.943230402   -2.055235271
    2.571394801   59.887573017  -36.890606142
    2.574928683   59.732760265  -53.216175387
    2.578462564   59.578812666  -35.710384270
    2.581996445   59.520885817   -4.375179590
    2.585530327   59.549768972    7.333424010
    2.589064208   59.565708711  -10.055221003
    2.592598089   59.495425723  -36.359496934
    2.596131970   59.364733085  -37.101842273
    2.599665852   59.294418192   -6.496472094
    2.603199733   59.364141759   35.071260214
    2.606733614   59.544859016   54.170113437
    2.610267495   59.721198827   34.533601264
    2.613801377   59.784210134   -7.019535533
    2.617335258   59.713836991  -36.133647301
    2.620869139   59.591390749  -35.889757929
    2.624403020   59.512416425  -13.048947210
    2.627936902   59.525930310   11.552255965
    2.631470783   59.607365453   23.833881969
    2.635004664   59.702206856   21.339152193
    2.638538545   59.768102779    6.173656568
    2.642072427   59.776314467   -9.300350714
    2.645606308   59.739646595  -17.308037189
    2.649140189   59.694039298  -13.980757589
    2.652674071   59.672352960   -4.908718424
    2.656207952   59.678324569   -0.684274840
    2.659741833   59.682203984   -6.872301098
    2.663275714   59.653966299  -17.566813423
    2.666809596   59.589673622  -25.433068069
    2.670343477   59.508061440  -25.697522301
    2.673877358   59.434799792  -23.132717116
    2.677411239   59.371792162  -20.188959002
    2.680945121   59.315129906  -19.914757034
    2.684479002   59.258464635  -20.564433603
    2.688012883   59.202147952  -16.228862545
    2.691546764   59.171141714   -5.845459852
    2.695080646   59.193649484   10.002893138
    2.698614527   59.267451059   24.236344273
    2.702148408   59.373998438   27.107793020
    2.705682289   59.476484074   21.801679628
    2.709216171   59.555638535   16.215798879
    2.712750052   59.617689819   11.576115597
    2.716283933   59.659178836    4.826640111
    2.719817814   59.668097492   -8.766613812
    2.723351696   59.626802801  -19.776863396
    2.726885577   59.566986185  -17.089082633
    2.730419458   59.549708734    0.880149824
    2.733953340   59.606959161   22.049761940
    2.737487221   59.708822530   23.828475453
    2.741021102   59.771820460    0.863794550
    2.744554983   59.736581980  -26.063718946
    2.748088865   59.637786695  -32.337445223
    2.751622746   59.568772807   -8.938562629
    2.755156627   59.610297705   25.711954234
    2.758690508   59.753670622   42.910846873
    2.762224390   59.906992011   30.621929107
    2.765758271   59.980677070    5.148532428
    2.769292152   59.969632598  -15.431532421
    2.772826033   59.915175922  -22.985039487
    2.776359915   59.844640228  -22.877104019
    2.779893796   59.769705405  -26.247852554
    2.783427677   59.689953760  -25.200392206
    2.786961558   59.639440747   -8.296228648
    2.790495440   59.664774392   15.326205896
    2.794029321   59.751996751   22.902929925
    2.797563202   59.822862703    6.005026215
    2.801097083   59.818343668  -14.322272085
    2.804630965   59.772089869  -13.338412494
    2.808164846   59.775005976   11.264284581
    2.811698727   59.871958472   32.980713539
    2.815232609   60.002246613   28.415573905
    2.818766490   60.068825937   -1.305021448
    2.822300371   60.018826301  -30.509142219
    2.825834252   59.904628721  -36.339588359
    2.829368134   59.818826690  -16.622164233
    2.832902015   59.819937781    6.508655200
    2.836435896   59.867916327    8.633314268
    2.839969777   59.872606539  -13.773096891
    2.843503659   59.791087652  -38.386042746
    2.847037540   59.666774747  -34.110972852
    2.850571421   59.607994237   -4.502026181
    2.854105302   59.653599844   20.857447642
    2.857639184   59.740968612   14.150698490
    2.861173065   59.758011546  -13.573329385
    2.864706946   59.687719733  -29.248924580
    2.868240827   59.611917630  -15.883187260
    2.871774709   59.616874239   10.278419918
    2.875308590   59.693067138   20.274254705
    2.878842471   59.749829154   -0.092819910
    2.882376353   59.708358096  -28.533499546
    2.885910234   59.591586431  -41.075656759
    2.889444115   59.474085269  -29.727450964
    2.892977996   59.411315304  -15.044938956
    2.896511878   59.368293796  -20.318319518
    2.900045759   59.271113244  -41.977972649
    2.903579640   59.103958877  -56.302105605
    2.907113521   58.937303153  -38.281867465
    2.910647403   58.885459721    2.739678285
    2.914181284   58.977119533   38.498927469
    2.917715165   59.147928476   45.764643008
    2.921249046   59.297939069   30.614355971
    2.924782928   59.391091658   16.539394557
    2.928316809   59.457303575   15.425434016
    2.931850690   59.532385291   17.690968003
    2.935384571   59.597583388   10.218602292
    2.938918453   59.616634773   -5.351023140
    2.942452334   59.590978488  -15.018075187
    2.945986215   59.554547358  -11.059673852
    2.949520096   59.538500275   -5.830121437
    2.953053978   59.533680578   -8.140955009
    2.956587859   59.506198001  -12.836309893
    2.960121740   59.470032760  -14.873393305
    2.963655622   59.438807217   -7.215174705
    2.967189503   59.440247716   -1.698302155
    2.970723384   59.447108046   -4.574569836
    2.974257265   59.426157788  -14.170744617
    2.977791147   59.371227490  -22.141115481
    2.981325028   59.307751916  -19.482227838
    2.984858909   59.273493778   -7.791485884
    2.988392790   59.282749182    3.934298026
    2.991926672   59.317527859    9.263796059
    2.995460553   59.365258970   10.482759607
    2.998994434   59.427378687   18.399320866
    3.002528315   59.526841574   31.300868710
    3.006062197   59.664578496   37.186691510
    3.009596078   59.801298118   28.611024497
    3.013129959   59.886874852   13.528136576
    3.016663840   59.925878580    5.059028229
    3.020197722   59.955532443    4.803426283
    3.023731603   59.982801709    1.973556637
    3.027265484   59.969925274  -18.205645707
    3.030799365   59.870403296  -47.524678338
    3.034333247   59.685824377  -58.855346489
    3.037867128   59.514021822  -40.344355837
    3.041401009   59.448002169   -2.816602194
    3.044934891   59.506719211   22.030753979
    3.048468772   59.596617691   17.260690470
    3.052002653   59.623054184   -9.980486477
    3.055536534   59.564161863  -26.768383584
    3.059070416   59.497754952  -11.951986850
    3.062604297   59.531530698   22.395359818
    3.066138178   59.673677951   44.796576982
    3.069672059   59.830951281   32.664083384
    3.073205941   59.894961187   -5.480029616
    3.076739822   59.826262214  -36.827457564
    3.080273703   59.692842840  -39.989965173
    3.083807584   59.594872454  -21.764258107
    3.087341466   59.569706802   -0.979696314
    3.090875347   59.595677100    8.318796900
    3.094409228   59.635814203    5.343001827
    3.097943109   59.660045383   -0.064092218
    3.101476991   59.663878302   -3.223848321
    3.105010872   59.658269269   -8.990819285
    3.108544753   59.624994785  -18.339882875
    3.112078635   59.553819910  -26.947877388
    3.115612516   59.468053950  -26.106257343
    3.119146397   59.411773656  -11.203299733
    3.122680278   59.428364753   13.317241987
    3.126214160   59.522006891   31.031615399
    3.129748041   59.651204705   31.424453235
    3.133281922   59.755446623   19.207014101
    3.136815803   59.809342749    6.194145586
    3.140349685   59.826328061   -3.619012734
    3.143883566   59.813765194  -12.037163068
    3.147417447   59.766954801  -21.023356347
    3.150951328   59.696219181  -24.815486802
    3.154485210   59.631921587  -16.110814649
    3.158019091   59.611130259   -4.741651985
    3.161552972   59.612899927   -4.334297662
    3.165086853   59.587234208  -17.500980322
    3.168620735   59.517596414  -26.760643330
    3.172154616   59.449978654  -15.758121838
    3.175688497   59.444684629    5.752766892
    3.179222378   59.493133910   11.558337628
    3.182756260   59.523754759   -5.310262385
    3.186290141   59.489675248  -17.586255771
    3.189824022   59.448093481   -8.504039376
    3.193357904   59.469134167   12.006196376
    3.196891785   59.541738538   17.864504556
    3.200425666   59.588084385   -4.295434528
    3.203959547   59.540831089  -26.155314635
    3.207493429   59.456834431  -22.684548311
    3.211027310   59.440995866    8.836304855
    3.214561191   59.541692841   34.898038643
    3.218095072   59.678576314   29.315821256
    3.221628954   59.739401434   -4.128942913
    3.225162835   59.677825858  -32.248127848
    3.228696716   59.569898818  -31.240149989
    3.232230597   59.514894281   -5.642727507
    3.235764479   59.553902928   17.213871783
    3.239298360   59.637864554   18.660474654
    3.242832241   59.695153831    4.858288617
    3.246366122   59.703359109   -4.034410794
    3.249900004   59.706120038   -0.929486370
    3.253433885   59.728921640    3.271904450
    3.256967766   59.740570832   -5.578242812
    3.260501647   59.697471252  -24.499472420
    3.264035529   59.610698761  -28.625822060
    3.267569410   59.564116270   -0.715222478
    3.271103291   59.646840694   38.837652991
    3.274637173   59.833495022   52.989568395
    3.278171054   59.998143509   27.860437193
    3.281704935   60.037852173  -11.713533996
    3.285238816   59.965840888  -28.812764992
    3.288772698   59.894282324  -15.099762223
    3.292306579   59.897770414    6.348093926
    3.295840460   59.947246105   10.013999975
    3.299374341   59.967203754   -7.706010941
    3.302908223   59.919690387  -22.808588125
    3.306442104   59.856343921  -17.060698529
    3.309975985   59.849776779    6.906637932
    3.313509866   59.924913500   26.001214842
    3.317043748   60.030259267   22.140103942
    3.320577629   60.083937065   -0.132455968
    3.324111510   60.051827165  -23.233980520
    3.327645391   59.964977435  -30.066694948
    3.331179273   59.895098843  -13.470718795
    3.334713154   59.909884766   15.195988729
    3.338247035   60.018917177   36.362360004
    3.341780917   60.164486657   35.378812318
    3.345314798   60.268556490   12.974204429
    3.348848679   60.283877442  -10.701496298
    3.352382560   60.246466335  -12.589866748
    3.355916442   60.245779290    8.302010352
    3.359450323   60.337748894   35.018975617
    3.362984204   60.499959686   45.984883077
    3.366518085   60.663169526   34.506504359
    3.370051967   60.762496558   15.305951013
    3.373585848   60.802149657    2.486915412
    3.377119729   60.821067639    1.690053983
    3.380653610   60.847865343    4.143802392
    3.384187492   60.875558075    4.488733705
    3.387721373   60.899132562    3.586356250
    3.391255254   60.931478688    9.741370387
    3.394789135   61.000817856   20.927704511
    3.398323017   61.097312103   24.020872444
    3.401856898   61.174405923    9.917134783
    3.405390779   61.189229872   -7.754677958
    3.408924660   61.161772281  -12.169973176
    3.412458542   61.152642723    2.385472687
    3.415992423   61.209586650   22.359438915
    3.419526304   61.325576475   32.069216593
    3.423060186   61.452204171   30.743844391
    3.426594067   61.559475330   23.217478144
    3.430127948   61.628354707    5.825258781
    3.433661829   61.621548691  -17.781110260
    3.437195711   61.530662697  -40.216859634
    3.440729592   61.386376684  -46.306959665
    3.444263473   61.259395057  -28.842445169
    3.447797354   61.219562892   -0.276828705
    3.451331236   61.274812848   21.113010022
    3.454865117   61.379209219   28.325460915
    3.458398998   61.492379311   28.138842200
    3.461932879   61.601437785   27.338337213
    3.465466761   61.711510621   27.720676962
    3.469000642   61.819615592   25.225906785
    3.472534523   61.909605248   18.603134413
    3.476068404   61.977516780   14.251080968
    3.479602286   62.042442811   15.237253465
    3.483136167   62.116636591   19.718762404
    3.486670048   62.204592409   22.609496895
    3.490203929   62.294897192   19.228322724
    3.493737811   62.366256229   13.894765139
    3.497271692   62.419396786   10.408002507
    3.500805573   62.468124670   11.437128450
    3.504339455   62.532481411   16.965714714
    3.507873336   62.617677704   23.409048799
    3.511407217   62.712414467   22.331006524
    3.514941098   62.789722071   13.503255017
    3.518474980   62.837193622    7.226452442
    3.522008861   62.880827174   12.349440964
    3.525542742   62.962578972   26.277762803
    3.529076623   63.089424125   38.113977982
    3.532610505   63.241701079   40.715222776
    3.536144386   63.401034423   41.569703824
    3.539678267   63.575274419   51.556173921
    3.543212148   63.791675779   62.248902315
    3.546746030   64.028348508   60.625903888
    3.550279911   64.228916780   43.753630465
    3.553813792   64.353572336   19.148066732
    3.557347673   64.398727660    2.448254511
    3.560881555   64.410401261    0.515706444
    3.564415436   64.444649861   11.871654018
    3.567949317   64.541107411   36.961841042
    3.571483199   64.734404695   64.713876286
    3.575017080   65.008228972   80.826285782
    3.578550961   65.300663902   73.704762519
    3.582084842   65.539170431   51.763050338
    3.585618724   65.709818850   42.743587218
    3.589152605   65.895571647   59.825509191
    3.592686486   66.176330698   92.900134318
    3.596220367   66.559225043  111.409491107
    3.599754249   66.954585306   99.993372750
    3.603288130   67.271074585   71.269987277
    3.606822011   67.495905461   52.666645983
    3.610355892   67.692001981   52.998716951
    3.613889774   67.902596368   58.416963319
    3.617423655   68.115390346   51.169954557
    3.620957536   68.278660634   34.220212445
    3.624491417   68.384866346   22.115530699
    3.628025299   68.479344066   27.189877468
    3.631559180   68.616201704   43.993899599
    3.635093061   68.807904647   55.804041010
    3.638626942   69.017383197   52.156646309
    3.642160824   69.191836636   39.941244420
    3.645694705   69.330622856   33.842821906
    3.649228586   69.473320801   41.182546162
    3.652762468   69.652795867   52.406294881
    3.656296349   69.848338214   47.302175882
    3.659830230   69.986044139   22.043396583
    3.663364111   70.028724245   -1.580963049
    3.666897993   70.034033891    3.821958462
    3.670431874   70.114679167   39.582094562
    3.673965755   70.335396822   74.921455653
    3.677499636   70.630688227   78.831351800
    3.681033518   70.872563148   46.652262673
    3.684567399   70.976929578    6.646966841
    3.688101280   70.970832981  -13.430933419
    3.691635161   70.941468247   -5.594271967
    3.695169043   70.969420397   15.320214790
    3.698702924   71.072979743   34.330007221
    3.702236805   71.226332805   44.961369796
    3.705770686   71.399651872   43.442090595
    3.709304568   71.548949753   33.939850320
    3.712838449   71.664975350   26.631713703
    3.716372330   71.783624667   36.215883730
    3.719906212   71.973562021   67.493435391
    3.723440093   72.285769724  100.823502281
    3.726973974   72.682118741  111.175245474
    3.730507855   73.058406078   88.443990302
    3.734041737   73.316893073   51.308229750
    3.737575618   73.458831383   27.350819212
    3.741109499   73.563325486   28.586116763
    3.744643380   73.717059756   52.634293779
    3.748177262   73.972243402   85.978663185
    3.751711143   74.345641084  117.648847366
    3.755245024   74.810495854  134.189068982
    3.758778905   75.280330048  117.289656489
    3.762312787   75.612672929   59.970681714
    3.765846668   75.720542967   -1.401284486
    3.769380549   75.702917460   -1.191612797
    3.772914430   75.872296431  106.157506446
    3.776448312   76.550425910  268.670055910
    3.779982193   77.684738206  332.043889863
    3.783516074   78.628944984  145.009365700
    3.787049955   78.455722419 -271.216971649
    3.790583837   76.818512004 -611.750409202
    3.794117718   74.836897417 -383.803288374
    3.797651599   75.250386787  772.007332570
    3.801185481   81.324949481 2755.838578241
    3.804719362   95.017783602 4949.815800112
    3.808253243  115.604451575 6529.991406519
    3.811787124  139.792593908 6938.449092786
    3.815321006  163.266808327 6170.710901233
    3.818854887  182.597371442 4694.842778168
    3.822388768  196.362625776 3113.020626629
    3.825922649  205.024031117 1855.103926513
    3.829456531  210.047659976 1053.792898015
    3.832990412  212.946255270  631.392824013
    3.836524293  214.799601699  437.632651107
    3.840058174  216.197352971  354.861370013
    3.843592056  217.410590716  321.281298058
    3.847125937  218.544743734  315.203768087
    3.850659818  219.666011644  315.035439334
    3.854193699  220.785935545  314.552237835
    3.857727581  221.900051100  314.122723517
    3.861261462  223.012272651  312.678724371
    3.864795343  224.117421179  310.294187042
    3.868329224  225.221986291  312.956854009
    3.871863106  226.367562792  337.444053094
    3.875396987  227.651502216  391.485543248
    3.878930868  229.158275561  457.317858156
    3.882464750  230.860438736  494.719784760
    3.885998631  232.589022479  470.436722532
    3.889532512  234.133255619  396.068591363
    3.893066393  235.402631408  325.101735621
    3.896600275  236.510350556  311.684864472
    3.900134156  237.702573931  371.510038018
    3.903668037  239.195760257  472.787634112
    3.907201918  241.047301496  568.210015882
    3.910735800  243.162220589  618.443971889
    3.914269681  245.359228005  615.124369777
    3.917803562  247.482907140  582.189359343
    3.921337443  249.488529542  554.586155007
    3.924871325  251.450174013  558.807144938
    3.928405206  253.486672529  597.174944784
    3.931939087  255.684532691  643.085966784
    3.935472968  258.007209670  660.672843771
    3.939006850  260.299074097  623.347826455
    3.942540731  262.354986851  532.067788163
    3.946074612  264.038523750  419.103002440
    3.949608494  265.366919027  339.724183017
    3.953142375  266.541491935  338.624788366
    3.956676256  267.867607705  423.497869774
    3.960210137  269.606853874  563.075111410
    3.963744019  271.856999559  704.930339811
    3.967277900  274.530915675  793.397270435
    3.970811781  277.373395637  798.737147504
    3.974345662  280.077166889  717.081693047
    3.977879544  282.376305179  575.728236361
    3.981413425  284.135932852  421.763972976
    3.984947306  285.393247793  296.732123046
    3.988481187  286.295499817  221.760790846
    3.992015069  287.012037723  187.836890460
    3.995548950  287.645781514  170.521323986
    3.999082831  288.215555844  148.452626222
    4.002616712  288.687443418  116.388238770
    4.006150594  289.034062856   79.740807649
    4.009684475  289.258051075   46.506515906
    4.013218356  289.379939639   24.075667383
    4.016752237  289.439098875   10.776205375
    4.020286119  289.464022289    4.190705704
    4.023820000  289.473172794    1.420639405
