#! FIELDS d1 file.free der_d1
#! SET min_d1 0.214296
#! SET max_d1 4.02382
#! SET nbins_d1  1079
#! SET periodic_d1 false
    0.214296000  237.499767172   -0.000000000
    0.217829881  237.499767172   -0.000000000
    0.221363763  237.499767172   -0.000000000
    0.224897644  237.498578379   -0.481085608
    0.228431525  237.492155969   -2.899010886
    0.231965406  237.467869669  -11.302338699
    0.235499288  237.392189263  -34.761603039
    0.239033169  237.178085593  -93.945169764
    0.242567050  236.641932716 -224.080622682
    0.246100931  235.451133377 -473.021482914
    0.249634813  233.100895478 -885.900866956
    0.253168694  228.975901032 -1474.310260522
    0.256702575  222.533153267 -2182.522135099
    0.260236456  213.553384477 -2883.011136834
    0.263770338  202.356483401 -3410.776521587
    0.267304219  189.799521662 -3638.313434668
    0.270838100  177.028017456 -3537.774594416
    0.274371981  165.081253389 -3192.564391864
    0.277905863  154.575288871 -2747.718738263
    0.281439744  145.610753961 -2338.713963936
    0.284973625  137.903066791 -2043.025362338
    0.288507506  131.017647177 -1870.787167913
    0.292041388  124.569544600 -1787.655191376
    0.295575269  118.328708495 -1745.717186184
    0.299109150  112.216898872 -1710.948249606
    0.302643032  106.229669024 -1677.094740282
    0.306176913  100.334869529 -1663.322509089
    0.309710794   94.424565346 -1689.348778510
    0.313244675   88.351014247 -1755.412470639
    0.316778557   82.013250465 -1830.720242115
    0.320312438   75.447919973 -1879.718965335
    0.323846319   68.799662589 -1875.760881358
    0.327380200   62.257600366 -1821.562970558
    0.330914082   55.971143611 -1734.766011973
    0.334447963   50.023360640 -1633.090272525
    0.337981844   44.448007619 -1522.722015613
    0.341515725   39.269355806 -1412.506438709
    0.345049607   34.465873469 -1311.615679243
    0.348583488   29.983931722 -1232.827650582
    0.352117369   25.743945375 -1172.867570077
    0.355651250   21.701623245 -1117.960110788
    0.359185132   17.874904630 -1047.256805147
    0.362719013   14.341775784 -952.347940888
    0.366252894   11.182078778 -840.470031882
    0.369786776    8.427367230 -724.685473797
    0.373320657    6.068524081 -615.404334861
    0.376854538    4.087815034 -512.242671311
    0.380388419    2.477132159 -405.327957459
    0.383922301    1.256958861 -290.236753667
    0.387456182    0.448518459 -173.715512355
    0.390990063    0.043069236  -64.358486355
    0.394523944    0.000000000   30.330397749
    0.398057826    0.261914431  108.260140295
    0.401591707    0.774269685  173.523041894
    0.405125588    1.505033382  232.274827211
    0.408659469    2.446126309  291.038878948
    0.412193351    3.590309333  349.549823616
    0.415727232    4.920488989  393.079636451
    0.419261113    6.365188585  409.884258692
    0.422794994    7.809150419  393.882476218
    0.426328876    9.142533268  350.175869651
    0.429862757   10.301241673  297.796621114
    0.433396638   11.296752881  263.434399998
    0.436930519   12.219810297  254.469923960
    0.440464401   13.143162842  261.422689481
    0.443998282   14.083743175  261.737751105
    0.447532163   14.999221284  247.048948168
    0.451066045   15.852918055  230.185347956
    0.454599926   16.669187776  226.617145727
    0.458133807   17.496552740  234.956274462
    0.461667688   18.355542077  241.643901843
    0.465201570   19.225284459  241.803554106
    0.468735451   20.090628966  241.854722972
    0.472269332   20.969014876  250.005352542
    0.475803213   21.891215605  263.445092557
    0.479337095   22.857072166  274.208862372
    0.482870976   23.845410012  277.140085905
    0.486404857   24.829628088  271.188781993
    0.489938738   25.777160575  257.815360460
    0.493472620   26.657478193  229.425539835
    0.497006501   27.417165143  190.992773369
    0.500540382   28.039898250  157.504200372
    0.504074263   28.573489911  142.203513892
    0.507608145   29.093844170  149.036589764
    0.511142026   29.658742922  160.739659773
    0.514675907   30.244064447  159.876998516
    0.518209788   30.787833449  138.892916312
    0.521743670   31.242957612  112.603908703
    0.525277551   31.623856498   99.328250901
    0.528811432   31.987905778  101.850768791
    0.532345314   32.366669959  102.566197667
    0.535879195   32.716082499   84.849912197
    0.539413076   32.957850266   43.342154865
    0.542946957   33.041456157   -4.123071094
    0.546480839   32.982499487  -31.000073454
    0.550014720   32.867908006  -38.746794455
    0.553548601   32.737929116  -44.482361681
    0.557082482   32.557265401  -68.536109892
    0.560616364   32.252334284 -112.102886221
    0.564150245   31.794380986 -148.729553355
    0.567684126   31.262292398 -152.410695895
    0.571218007   30.779614331 -122.906067085
    0.574751889   30.416265272  -91.834153671
    0.578285770   30.122721527  -87.664434053
    0.581819651   29.777897250 -116.458962664
    0.585353532   29.305860272 -156.243284362
    0.588887414   28.719359954 -178.845374525
    0.592421295   28.106117667 -170.181549631
    0.595955176   27.569990155 -135.135576834
    0.599489058   27.181289345  -91.586096486
    0.603022939   26.940173795  -51.406239067
    0.606556820   26.817096857  -26.296245572
    0.610090701   26.760780537  -15.440924017
    0.613624583   26.729528621   -9.301785066
    0.617158464   26.723715528    1.253761519
    0.620692345   26.765428858   15.190840722
    0.624226226   26.851195198   24.028622307
    0.627760108   26.942591860   17.761929629
    0.631293989   26.993485085    3.808469422
    0.634827870   27.009918625    1.761991939
    0.638361751   27.055679693   21.695616170
    0.641895633   27.196174445   50.931562603
    0.645429514   27.428409229   70.417093821
    0.648963395   27.695079771   72.309046719
    0.652497276   27.950553602   65.940449160
    0.656031158   28.191383505   65.363605925
    0.659565039   28.441930582   70.801692055
    0.663098920   28.704355512   66.428560369
    0.666632801   28.924382066   51.178389481
    0.670166683   29.078750818   31.861865657
    0.673700564   29.183498689   21.774099973
    0.677234445   29.271107653   21.604676104
    0.680768327   29.356920254   20.996977116
    0.684302208   29.433715566   15.679684982
    0.687836089   29.500480035   17.066923259
    0.691369970   29.592658283   31.459374874
    0.694903852   29.746442707   47.574699423
    0.698437733   29.939734576   50.809439383
    0.701971614   30.114413441   39.918999224
    0.705505495   30.246292932   31.060569700
    0.709039377   30.377825508   39.267266955
    0.712573258   30.564038501   58.216707402
    0.716107139   30.806253945   69.756264043
    0.719641020   31.059472328   63.970951877
    0.723174902   31.277111385   53.484296126
    0.726708783   31.470505936   51.937874920
    0.730242664   31.677000869   57.791118334
    0.733776545   31.897176733   58.482979154
    0.737310427   32.099239949   45.989241835
    0.740844308   32.245835483   31.508995490
    0.744378189   32.354471980   27.989846931
    0.747912071   32.478575900   37.966844992
    0.751445952   32.648716271   49.465869821
    0.754979833   32.840800806   50.271437125
    0.758513714   33.005227871   35.344883218
    0.762047596   33.107163435   16.036552088
    0.765581477   33.155541359    7.944497091
    0.769115358   33.206494807   16.323207012
    0.772649239   33.308182284   33.955739415
    0.776183121   33.465730278   47.591619410
    0.779717002   33.643277090   44.045612905
    0.783250883   33.775065975   21.236879197
    0.786784764   33.807903306   -9.504388139
    0.790318646   33.743574531  -30.649274966
    0.793852527   33.639379713  -31.404090915
    0.797386408   33.568016550  -14.186007785
    0.800920289   33.564623841    4.956034672
    0.804454171   33.602436888    7.116784307
    0.807988052   33.618672635   -6.168874673
    0.811521933   33.583769955  -16.692378867
    0.815055814   33.543635852  -10.213186031
    0.818589696   33.558333379   13.697665164
    0.822123577   33.655806516   33.153668032
    0.825657458   33.790715127   32.367996608
    0.829191340   33.893653111   18.900767001
    0.832725221   33.948159464    6.354738831
    0.836259102   33.978392846    6.885219676
    0.839792983   34.021112168    9.518773016
    0.843326865   34.061419748    6.190029569
    0.846860746   34.083470981   -0.527076287
    0.850394627   34.094223698    3.104516213
    0.853928508   34.144496502   22.264302405
    0.857462390   34.278726170   44.641569700
    0.860996271   34.467555251   50.854891942
    0.864530152   34.634812315   34.558755322
    0.868064033   34.723621792    9.913713004
    0.871597915   34.743433608   -1.478189921
    0.875131796   34.760974306    7.879852753
    0.878665677   34.834979809   28.388528569
    0.882199558   34.971699496   40.638909429
    0.885733440   35.121902367   33.870393336
    0.889267321   35.219520137   15.421435615
    0.892801202   35.249033088   -3.191175328
    0.896335083   35.235051400  -11.467364963
    0.899868965   35.205732995  -10.169396129
    0.903402846   35.189380606   -4.234857213
    0.906936727   35.202333901    7.159674581
    0.910470609   35.275724404   29.842055113
    0.914004490   35.438866557   54.179330460
    0.917538371   35.660750884   61.620709430
    0.921072252   35.860873927   40.771726986
    0.924606134   35.960405459    8.472820316
    0.928140015   35.968169777   -4.135597784
    0.931673896   35.983567149   11.557400948
    0.935207777   36.085919508   35.332587331
    0.938741659   36.246872032   46.836900191
    0.942275540   36.407390362   34.166215569
    0.945809421   36.509220249   18.904211992
    0.949343302   36.578834128   17.847224353
    0.952877184   36.671622834   28.459998527
    0.956411065   36.797920736   33.473147398
    0.959944946   36.913817985   24.904543894
    0.963478827   36.984701065    9.296075760
    0.967012709   37.014628806    3.257401346
    0.970546590   37.044617300    8.989372453
    0.974080471   37.097545714   10.688385309
    0.977614353   37.127103815   -2.118077513
    0.981148234   37.082439956  -30.974893680
    0.984682115   36.940181866  -51.853765123
    0.988215996   36.763310495  -50.715646345
    0.991749878   36.632456150  -29.473505096
    0.995283759   36.582310033   -7.837941987
    0.998817640   36.576248112   -5.200709523
    1.002351521   36.550326743  -17.290477704
    1.005885403   36.480336528  -27.091703310
    1.009419284   36.400310050  -23.430109224
    1.012953165   36.350661538  -11.122486600
    1.016487046   36.340359255   -1.747150571
    1.020020928   36.351051482   -0.375251116
    1.023554809   36.352041374   -6.106075032
    1.027088690   36.321929810  -19.545480912
    1.030622571   36.235261048  -37.957627318
    1.034156453   36.089651866  -49.077442513
    1.037690334   35.930969054  -43.377066152
    1.041224215   35.822421005  -21.999102026
    1.044758096   35.790915059   -4.005158120
    1.048291978   35.790054107   -7.804046058
    1.051825859   35.738881168  -29.068798498
    1.055359740   35.608420902  -48.298242296
    1.058893622   35.440080251  -48.443765272
    1.062427503   35.306978102  -33.364876118
    1.065961384   35.227884625  -21.311347265
    1.069495265   35.153557450  -31.446407801
    1.073029147   35.000123540  -64.405733159
    1.076563028   34.717788213  -98.863897232
    1.080096909   34.354363546 -109.110519956
    1.083630790   34.016589643  -83.883354766
    1.087164672   33.804480597  -41.397936603
    1.090698553   33.727443795  -12.394996435
    1.094232434   33.703221161  -11.710574609
    1.097766315   33.646875323  -28.623895006
    1.101300197   33.531072514  -41.507651511
    1.104834078   33.392903259  -40.604562244
    1.108367959   33.270553252  -35.426767052
    1.111901840   33.155236273  -39.734768327
    1.115435722   32.997142657  -55.854990447
    1.118969603   32.782214532  -71.351670324
    1.122503484   32.544019402  -66.572911887
    1.126037365   32.371192127  -33.299960785
    1.129571247   32.348241921   14.767476549
    1.133105128   32.486971399   53.772509185
    1.136639009   32.716685884   64.712186298
    1.140172891   32.933427017   46.021768554
    1.143706772   33.058012799   17.950669139
    1.147240653   33.097255426    1.899232539
    1.150774534   33.118711650    6.955395619
    1.154308416   33.185488357   25.066961756
    1.157842297   33.312612727   37.659487052
    1.161376178   33.458476266   37.053518523
    1.164910059   33.585052344   28.250436271
    1.168443941   33.683705590   21.389447426
    1.171977822   33.764723049   19.793972230
    1.175511703   33.842992555   17.270920958
    1.179045584   33.910369113   14.538316713
    1.182579466   33.978838231   19.406828281
    1.186113347   34.089681291   39.082846643
    1.189647228   34.294253600   71.372754434
    1.193181109   34.613052660  100.162724360
    1.196714991   35.004658794  109.027790920
    1.200248872   35.378807144   94.510264405
    1.203782753   35.670498816   62.965508685
    1.207316635   35.848145996   33.743476951
    1.210850516   35.948862000   19.663184700
    1.214384397   36.030334932   22.029818133
    1.217918278   36.132858795   28.104998760
    1.221452160   36.243421588   28.086515007
    1.224986041   36.344206642   23.021411160
    1.228519922   36.436036558   23.698941656
    1.232053803   36.552712723   34.209895834
    1.235587685   36.704357171   45.116646898
    1.239121566   36.865559408   36.161296099
    1.242655447   36.959470011    7.716715293
    1.246189328   36.941463993  -21.554476796
    1.249723210   36.853747091  -29.727703608
    1.253257091   36.791581072   -8.977327312
    1.256790972   36.831945186   25.870167884
    1.260324853   36.979284432   46.418880704
    1.263858735   37.145221135   37.403278457
    1.267392616   37.235527250    5.850600664
    1.270926497   37.214465300  -21.670750622
    1.274460378   37.140502702  -21.709099828
    1.277994260   37.112719792    1.470174906
    1.281528141   37.173939112   24.480909354
    1.285062022   37.283310754   28.568062356
    1.288595904   37.371609520   12.688704042
    1.292129785   37.399781188   -2.912185130
    1.295663666   37.393273124   -3.397146445
    1.299197547   37.403875876    4.345370718
    1.302731429   37.441733092    7.934698206
    1.306265310   37.478729679    6.994507612
    1.309799191   37.509477227    5.450483219
    1.313333072   37.542062511    6.777326321
    1.316866954   37.569374132   -1.317885587
    1.320400835   37.535621389  -25.775002569
    1.323934716   37.398190096  -57.353689743
    1.327468597   37.175440255  -70.458422720
    1.331002479   36.962479053  -51.326686122
    1.334536360   36.857271925  -12.939010136
    1.338070241   36.881454342   15.430732212
    1.341604122   36.959457673   17.677283197
    1.345138004   36.997727458   -5.045707880
    1.348671885   36.933440978  -37.989543983
    1.352205766   36.767504244  -62.166810363
    1.355739647   36.548127764  -65.209405383
    1.359273529   36.342365169  -55.742957723
    1.362807410   36.169628334  -51.487239297
    1.366341291   35.989183067  -58.539420595
    1.369875173   35.775721228  -66.362919599
    1.373409054   35.565505161  -55.163007289
    1.376942935   35.427762525  -28.699657753
    1.380476816   35.366854410  -15.835894872
    1.384010698   35.293584051  -37.341662897
    1.387544579   35.111550026  -71.483329402
    1.391078460   34.845222275  -78.394841090
    1.394612341   34.625386250  -46.418038806
    1.398146223   34.539514510  -12.425048331
    1.401680104   34.516701370  -15.599891729
    1.405213985   34.410475197  -54.128269154
    1.408747866   34.166040101  -83.603902286
    1.412281748   33.893888456  -69.431715850
    1.415815629   33.743097743  -20.273355358
    1.419349510   33.763220284   19.744608536
    1.422883391   33.855545245   18.416490149
    1.426417273   33.879911652  -11.662155216
    1.429951154   33.804190729  -32.418524809
    1.433485035   33.717232488  -20.206206372
    1.437018917   33.719640683   15.100592098
    1.440552798   33.825830382   34.859333800
    1.444086679   33.943278618   19.391701580
    1.447620560   33.962994544  -14.384798663
    1.451154442   33.879515639  -36.530573425
    1.454688323   33.768355593  -29.492751635
    1.458222204   33.710186561   -7.640305567
    1.461756085   33.723151016    6.338100061
    1.465289967   33.759302371    6.516213826
    1.468823848   33.789985559    6.455676889
    1.472357729   33.840763667   18.701132073
    1.475891610   33.958963490   41.726349057
    1.479425492   34.151388770   58.366821021
    1.482959373   34.365067336   54.962311253
    1.486493254   34.539280829   35.059822737
    1.490027135   34.649686907   22.491631630
    1.493561017   34.749016860   31.653246539
    1.497094898   34.910121839   53.199606443
    1.500628779   35.140055806   67.721349741
    1.504162660   35.379729928   55.983201687
    1.507696542   35.540760212   27.173765660
    1.511230423   35.599195716    2.922305436
    1.514764304   35.616975503    4.518740899
    1.518298186   35.687968901   32.212100074
    1.521832067   35.867709471   58.960400505
    1.525365948   36.098453001   61.032119713
    1.528899829   36.282608992   33.243044855
    1.532433711   36.353578913    2.785625123
    1.535967592   36.354035718   -2.753372843
    1.539501473   36.391502714   20.724321775
    1.543035354   36.534785717   54.193008549
    1.546569236   36.772363771   68.766992303
    1.550103117   37.009255196   55.304173289
    1.553636998   37.164404271   25.430828593
    1.557170879   37.220548915    4.963404301
    1.560704761   37.251052113   10.267065565
    1.564238642   37.342602282   36.642815651
    1.567772523   37.528638707   61.162876205
    1.571306404   37.764081824   60.809755622
    1.574840286   37.958757763   40.203757615
    1.578374167   38.074064958   21.335483154
    1.581908048   38.162603267   28.159950381
    1.585441929   38.326401350   59.844994788
    1.588975811   38.616358383   95.893092446
    1.592509692   38.990381916  103.888641901
    1.596043573   39.324315259   73.888346371
    1.599577455   39.509220133   24.296081877
    1.603111336   39.536426492  -11.804615489
    1.606645217   39.493930734  -12.584144663
    1.610179098   39.496447135    9.565322884
    1.613712980   39.581586649   29.086650159
    1.617246861   39.702935178   29.891487350
    1.620780742   39.805946475   22.145631549
    1.624314623   39.896002079   23.916185152
    1.627848505   40.014243319   38.235271655
    1.631382386   40.179653557   45.854595722
    1.634916267   40.335782127   33.918508562
    1.638450148   40.421542016    8.249832778
    1.641984030   40.430420514   -6.332817508
    1.645517911   40.433381519    6.666462900
    1.649051792   40.517824531   35.260870516
    1.652585673   40.701220963   57.843576767
    1.656119555   40.929187708   63.280622378
    1.659653436   41.150276853   54.548206377
    1.663187317   41.342195682   50.016844044
    1.666721199   41.536890510   55.230346051
    1.670255080   41.758885199   63.944263012
    1.673788961   41.997848331   62.428024273
    1.677322842   42.202790308   45.235272645
    1.680856724   42.331137111   17.905853654
    1.684390605   42.358246540   -6.793719518
    1.687924486   42.310060394  -25.405573678
    1.691458367   42.212328243  -36.357711239
    1.694992249   42.088966255  -36.528529309
    1.698526130   41.983100239  -28.098940949
    1.702060011   41.927761372   -8.075880295
    1.705593892   41.953637438   17.533622700
    1.709127774   42.065244505   38.058069113
    1.712661655   42.230744989   47.301890720
    1.716195536   42.409333432   47.049032679
    1.719729417   42.579352138   41.813478178
    1.723263299   42.726716730   35.545452993
    1.726797180   42.845554045   25.143128166
    1.730331061   42.919431027    8.644445978
    1.733864942   42.928156583   -9.612187360
    1.737398824   42.880930014  -20.954431268
    1.740932705   42.819973220  -16.830523660
    1.744466586   42.801521635    1.515418064
    1.748000468   42.856665237   20.780833879
    1.751534349   42.951123668   23.496203485
    1.755068230   43.013030547    4.320753253
    1.758602111   42.993690225  -20.982817827
    1.762135993   42.911376742  -27.838318893
    1.765669874   42.853054013   -8.641504210
    1.769203755   42.892096155   25.420345735
    1.772737636   43.042278086   50.232442983
    1.776271518   43.244689200   54.489396236
    1.779805399   43.429766183   42.695848993
    1.783339280   43.564958223   29.687186375
    1.786873161   43.677491821   29.037408550
    1.790407043   43.813888660   44.280522727
    1.793940924   44.011436997   58.501086931
    1.797474805   44.229020295   55.327301213
    1.801008686   44.401452891   33.499374558
    1.804542568   44.493136369   12.908382869
    1.808076449   44.546282935   14.820735612
    1.811610330   44.642600753   36.848365565
    1.815144212   44.817625189   53.388946460
    1.818678093   45.010107194   44.404617130
    1.822211974   45.128334926   12.838211243
    1.825745855   45.131123774  -15.129915250
    1.829279737   45.073652299  -16.008588720
    1.832813618   45.063912454    7.350945578
    1.836347499   45.157580993   38.038252031
    1.839881380   45.339883971   57.146370275
    1.843415262   45.561106865   61.470252220
    1.846949143   45.796756475   64.940791274
    1.850483024   46.058120165   77.626348310
    1.854016905   46.364027786   86.061983775
    1.857550787   46.667508711   75.862890442
    1.861084668   46.890776634   41.104746605
    1.864618549   46.970428358   -2.214940435
    1.868152430   46.910627235  -35.943193386
    1.871686312   46.763150332  -50.098407613
    1.875220193   46.593231050  -48.903642639
    1.878754074   46.452901790  -36.366829903
    1.882287955   46.371269190  -15.375610719
    1.885821837   46.370215342    9.108021660
    1.889355718   46.453002849   30.749095063
    1.892889599   46.605321623   46.831595001
    1.896423481   46.793779135   51.871801159
    1.899957362   46.976000370   43.467651086
    1.903491243   47.110170611   26.406111239
    1.907025124   47.187596591   13.733255545
    1.910559006   47.247461970   17.065044161
    1.914092887   47.345788199   33.426591660
    1.917626768   47.495773858   44.179754521
    1.921160649   47.653511863   36.233324383
    1.924694531   47.759627617   15.453970649
    1.928228412   47.797689622    3.856346854
    1.931762293   47.826528102    9.488122696
    1.935296174   47.896216853   23.991791999
    1.938830056   48.001716256   25.635981142
    1.942363937   48.074596285    6.689197228
    1.945897818   48.055884524  -21.404161677
    1.949431699   47.962070575  -33.385829043
    1.952965581   47.870713748  -20.738490921
    1.956499462   47.852185044    2.679580245
    1.960033343   47.901294299   17.533474195
    1.963567224   47.978613444   18.464847555
    1.967101106   48.062335863   23.852730137
    1.970634987   48.191938345   44.670095505
    1.974168868   48.405027911   70.742298946
    1.977702750   48.688604851   79.248080244
    1.981236631   48.963370169   65.310271752
    1.984770512   49.157693296   38.311178079
    1.988304393   49.252242970   11.441048285
    1.991838275   49.269670988   -7.606720021
    1.995372156   49.235311892  -16.081754478
    1.998906037   49.181146458  -19.718295228
    2.002439918   49.118973871  -20.822635903
    2.005973800   49.050065103  -22.548311061
    2.009507681   48.987364311  -19.182803683
    2.013041562   48.956209425   -2.973634633
    2.016575443   48.996266406   20.334080500
    2.020109325   49.103421920   31.098414444
    2.023643206   49.201868404   15.724247441
    2.027177087   49.206476331  -22.296715904
    2.030710968   49.074904081  -54.719844186
    2.034244850   48.873062725  -60.082398167
    2.037778731   48.712500147  -31.547046015
    2.041312612   48.690621832   12.508762355
    2.044846494   48.818800057   51.231533946
    2.048380375   49.046031718   66.591426909
    2.051914256   49.281372457   57.456543868
    2.055448137   49.456304166   32.148181382
    2.058982019   49.532180926    5.453647276
    2.062515900   49.519827944  -14.537183886
    2.066049781   49.459608042  -23.837699572
    2.069583662   49.390538213  -20.252074845
    2.073117544   49.349084105   -6.622889629
    2.076651425   49.361976572    7.020135666
    2.080185306   49.411829783   12.516803605
    2.083719187   49.454614255    4.272015648
    2.087253069   49.449537306  -12.846516772
    2.090786950   49.393931189  -21.879530683
    2.094320831   49.340275107  -12.493543900
    2.097854712   49.345555756   11.717650296
    2.101388594   49.434754620   31.829160598
    2.104922475   49.570581506   34.698164498
    2.108456356   49.687190901   23.932014698
    2.111990237   49.757149159   11.448177991
    2.115524119   49.800259236    8.729753321
    2.119058000   49.853118824   15.680015846
    2.122591881   49.930994034   19.104892499
    2.126125763   49.992860843    7.369276365
    2.129659644   49.987227613  -16.278104033
    2.133193525   49.904616152  -35.308618941
    2.136727406   49.784966732  -35.177850411
    2.140261288   49.689733074  -24.411791244
    2.143795169   49.624730970  -20.381438350
    2.147329050   49.550022038  -29.337003319
    2.150862931   49.440695871  -35.694382128
    2.154396813   49.338014067  -24.536932931
    2.157930694   49.302186972   -1.347080362
    2.161464575   49.335863924   10.142799687
    2.164998456   49.365591599   -2.314323752
    2.168532338   49.326182995  -26.015656948
    2.172066219   49.222975484  -32.756601622
    2.175600100   49.148832657  -11.534279056
    2.179133981   49.173546725   18.294345304
    2.182667863   49.277932027   30.548155728
    2.186201744   49.380414249   18.650692797
    2.189735625   49.426881919    4.341077083
    2.193269506   49.454566267    8.447974276
    2.196803388   49.532186505   30.767615971
    2.200337269   49.684698136   44.713524234
    2.203871150   49.837654207   31.898948862
    2.207405032   49.901023060   -3.177579620
    2.210938913   49.843598542  -31.270761537
    2.214472794   49.732053388  -33.263661498
    2.218006675   49.652115505  -16.427280511
    2.221540557   49.642220034    3.867434392
    2.225074438   49.688412406   14.826859609
    2.228608319   49.752889967   14.095023732
    2.232142200   49.802692181    6.754519334
    2.235676082   49.821419697   -2.495654332
    2.239209963   49.812598930   -9.096557730
    2.242743844   49.793035052   -6.103921219
    2.246277725   49.797236311    4.666140042
    2.249811607   49.844449126   14.805229639
    2.253345488   49.914261025   15.204202562
    2.256879369   49.969358607    9.340142508
    2.260413250   49.996285585    0.966874431
    2.263947132   50.003492889   -1.510571681
    2.267481013   50.014093127    0.147208052
    2.271014894   50.029195306    1.990991662
    2.274548776   50.040513683   -2.633442984
    2.278082657   50.035207738   -5.762501520
    2.281616538   50.035680733    2.394289826
    2.285150419   50.090002389   24.859714372
    2.288684301   50.232056232   47.378476557
    2.292218182   50.430550269   53.957703698
    2.295752063   50.609988250   41.454161150
    2.299285944   50.731267064   21.308141659
    2.302819826   50.805249408   19.594584685
    2.306353707   50.910398643   35.693676934
    2.309887588   51.075462877   48.196195329
    2.313421469   51.242346818   32.793400345
    2.316955351   51.304026317   -5.347214664
    2.320489232   51.228809833  -39.087261276
    2.324023113   51.086667222  -41.521459328
    2.327556994   50.984599176  -20.389955390
    2.331090876   50.957890916   -3.267244628
    2.334624757   50.956812125   -7.038692873
    2.338158638   50.928868681  -12.931549711
    2.341692519   50.910699995    1.013255709
    2.345226401   50.980803784   35.086063747
    2.348760282   51.170413859   61.664794653
    2.352294163   51.402220456   57.688651036
    2.355828045   51.567910123   26.955575206
    2.359361926   51.609536736   -6.241681065
    2.362895807   51.563386006  -21.728940596
    2.366429688   51.504716198  -15.215385562
    2.369963570   51.488091878   -2.656938204
    2.373497451   51.495496357   -0.515469698
    2.377031332   51.476683983  -17.670728053
    2.380565213   51.384257396  -39.454697311
    2.384099095   51.236408581  -47.837323509
    2.387632976   51.099104899  -32.145459186
    2.391166857   51.043823008   -5.471709779
    2.394700738   51.077899138   18.491141584
    2.398234620   51.185500358   34.665029058
    2.401768501   51.343678349   48.400464220
    2.405302382   51.540944957   55.995702193
    2.408836263   51.735444355   43.325878135
    2.412370145   51.837593163    4.565029692
    2.415904026   51.776812592  -44.605250271
    2.419437907   51.564893284  -74.415719524
    2.422971788   51.313657882  -67.228133051
    2.426505670   51.154450579  -24.938506906
    2.430039551   51.173011859   29.183993864
    2.433573432   51.362063795   65.556551651
    2.437107314   51.617472088   68.406157906
    2.440641195   51.814323121   33.203797103
    2.444175076   51.845790639  -22.515144636
    2.447708957   51.691850681  -66.255446621
    2.451242839   51.445025814  -72.215229194
    2.454776720   51.252917759  -35.653533918
    2.458310601   51.235516106   19.001221432
    2.461844482   51.388492388   56.212614121
    2.465378364   51.600446328   48.730108932
    2.468912245   51.712919969    6.709898615
    2.472446126   51.669454801  -32.972813216
    2.475980007   51.546488808  -35.288026790
    2.479513889   51.489646823    0.418873847
    2.483047770   51.571795182   36.955887483
    2.486581651   51.729413375   41.094405493
    2.490115532   51.845094318   14.302819315
    2.493649414   51.856672378  -10.067054142
    2.497183295   51.822355509  -10.880881272
    2.500717176   51.821623710    6.292350124
    2.504251058   51.878591275   18.309243544
    2.507784939   51.952935923   14.098018652
    2.511318820   51.990551229    2.731886149
    2.514852701   51.993929275   -5.002184758
    2.518386583   51.985963001   -6.467321487
    2.521920464   51.977295752   -3.869453158
    2.525454345   51.977107821   -2.835720126
    2.528988226   51.984684090    2.372527513
    2.532522108   52.019582032   12.634382108
    2.536055989   52.095924990   23.327893683
    2.539589870   52.199311716   27.965641252
    2.543123751   52.300102060   21.309029037
    2.546657633   52.364034857    9.103724518
    2.550191514   52.388089012   -0.089788614
    2.553725395   52.400717939    4.917186909
    2.557259276   52.455592113   19.760355530
    2.560793158   52.560228135   32.617193097
    2.564327039   52.672193776   19.324558151
    2.567860920   52.686418416  -20.010113973
    2.571394801   52.553965703  -57.628103630
    2.574928683   52.347772270  -57.135500455
    2.578462564   52.223236769  -13.975640308
    2.581996445   52.274724144   34.655294293
    2.585530327   52.439430635   42.969244560
    2.589064208   52.545480414    4.801199647
    2.592598089   52.481584917  -45.511302264
    2.596131970   52.288185688  -59.860740957
    2.599665852   52.131521627  -29.267618525
    2.603199733   52.129753352   19.380453075
    2.606733614   52.265709059   45.753759416
    2.610267495   52.422282220   33.839147218
    2.613801377   52.500578447    4.737759719
    2.617335258   52.499472611   -7.026737587
    2.620869139   52.504032185    6.631459192
    2.624403020   52.574524118   27.175720654
    2.627936902   52.693950217   29.771292433
    2.631470783   52.779544554    8.749085986
    2.635004664   52.763419001  -22.987669930
    2.638538545   52.639749217  -52.246094916
    2.642072427   52.439016000  -65.591290496
    2.645606308   52.220400508  -61.641136112
    2.649140189   52.040500246  -44.054107452
    2.652674071   51.933592268  -21.910679346
    2.656207952   51.898459883   -5.866718988
    2.659741833   51.900661379   -1.750487342
    2.663275714   51.900951651   -5.821269664
    2.666809596   51.879395809  -12.465481465
    2.670343477   51.837251923  -15.068460350
    2.673877358   51.795991518  -13.489410453
    2.677411239   51.771939006   -5.126329730
    2.680945121   51.785839558    6.802959604
    2.684479002   51.842438990   17.260931180
    2.688012883   51.921380345   21.526818036
    2.691546764   51.996312621   14.895465694
    2.695080646   52.041928868    3.035669096
    2.698614527   52.044104700   -5.805660706
    2.702148408   52.028371552   -6.823386472
    2.705682289   52.033892349    5.220200881
    2.709216171   52.098783827   26.342006017
    2.712750052   52.233381898   41.675653055
    2.716283933   52.392130426   40.290888476
    2.719817814   52.515636564   20.832050655
    2.723351696   52.562232548    2.011036795
    2.726885577   52.566250650   -1.232697444
    2.730419458   52.591431996    9.638719032
    2.733953340   52.655781118   17.838207407
    2.737487221   52.708631289    1.398153953
    2.741021102   52.658772117  -38.136177216
    2.744554983   52.465032389  -74.050437911
    2.748088865   52.191230460  -80.845213494
    2.751622746   51.955732329  -52.758109120
    2.755156627   51.852439220  -10.701057638
    2.758690508   51.882338752   17.159437095
    2.762224390   51.965390347   18.694597478
    2.765758271   52.019780957    7.155422843
    2.769292152   52.032833799   -3.585331053
    2.772826033   52.026420339   -6.866556730
    2.776359915   52.013039395   -5.076606563
    2.779893796   52.004994042   -3.886550074
    2.783427677   52.016998830    6.134298521
    2.786961558   52.089935545   30.482549043
    2.790495440   52.247313875   50.016612469
    2.794029321   52.421874928   36.120391485
    2.797563202   52.479175070  -14.356717235
    2.801097083   52.342794343  -65.330869364
    2.804630965   52.085617105  -76.303322404
    2.808164846   51.878358593  -39.675844419
    2.811698727   51.839951185   10.298190099
    2.815232609   51.939814031   33.793127484
    2.818766490   52.053321948   18.172104016
    2.822300371   52.067076913  -15.161413480
    2.825834252   51.977762143  -37.418473858
    2.829368134   51.853715109  -35.201817561
    2.832902015   51.766871303  -21.393586512
    2.836435896   51.712477580  -18.235878942
    2.839969777   51.633169040  -31.923019643
    2.843503659   51.505144335  -45.182911843
    2.847037540   51.373176529  -30.841346907
    2.850571421   51.335683330    4.796989378
    2.854105302   51.414620643   30.980096926
    2.857639184   51.530668192   21.260816824
    2.861173065   51.564761003   -9.482917039
    2.864706946   51.507316496  -23.560020342
    2.868240827   51.460076064   -3.238910819
    2.871774709   51.522913914   31.311458448
    2.875308590   51.679837515   45.144908533
    2.878842471   51.818495098   21.804898428
    2.882376353   51.843392182  -10.744015774
    2.885910234   51.789920440  -19.662079916
    2.889444115   51.768891669    6.200600490
    2.892977996   51.863634735   39.047544627
    2.896511878   52.028273742   41.885854062
    2.900045759   52.135958942   10.015137772
    2.903579640   52.110015427  -28.442061210
    2.907113521   51.992176907  -36.317289213
    2.910647403   51.910420209  -12.963220710
    2.914181284   51.928251158   15.143993287
    2.917715165   52.008692987   19.517397325
    2.921249046   52.058683696    1.411775838
    2.924782928   52.038864294  -16.591220912
    2.928316809   51.981304804  -19.402844045
    2.931850690   51.936138958  -13.082029198
    2.935384571   51.907040105  -10.345444241
    2.938918453   51.873652380  -12.823814752
    2.942452334   51.839127513  -11.726696149
    2.945986215   51.821386534   -3.823615881
    2.949520096   51.823037798   -3.216072461
    2.953053978   51.805802834  -17.137975343
    2.956587859   51.720287113  -34.661250025
    2.960121740   51.590499766  -42.868273108
    2.963655622   51.466107736  -28.229726533
    2.967189503   51.423476857   -2.232016808
    2.970723384   51.472748043   21.335392940
    2.974257265   51.582299826   33.275674760
    2.977791147   51.709439359   32.126808170
    2.981325028   51.821117836   24.134416883
    2.984858909   51.902067620   14.430802566
    2.988392790   51.950206282    6.369214804
    2.991926672   51.972457403    3.182265971
    2.995460553   51.997278816    6.003543699
    2.998994434   52.042609612   13.010645334
    3.002528315   52.097978476   10.383410461
    3.006062197   52.110037194  -13.073094252
    3.009596078   52.016731065  -47.429439207
    3.013129959   51.819236177  -64.195796515
    3.016663840   51.625259694  -42.885085106
    3.020197722   51.564705174    3.974490698
    3.023731603   51.663774732   41.761784529
    3.027265484   51.826590757   38.383432669
    3.030799365   51.916721572    1.601406824
    3.034333247   51.871154634  -28.525351658
    3.037867128   51.773448846  -26.272037552
    3.041401009   51.737684639    2.939643924
    3.044934891   51.807043645   24.119255914
    3.048468772   51.895609674   15.787428095
    3.052002653   51.906357334  -16.008590856
    3.055536534   51.817188266  -36.230212601
    3.059070416   51.712274842  -22.754338159
    3.062604297   51.704034624   10.587761914
    3.066138178   51.797023257   29.746883902
    3.069672059   51.890719894   13.435493385
    3.073205941   51.881646256  -24.877236438
    3.076739822   51.754375191  -47.546931054
    3.080273703   51.608383924  -34.040060208
    3.083807584   51.561493110    1.723248540
    3.087341466   51.637836237   32.583753159
    3.090875347   51.780042149   39.896804907
    3.094409228   51.911330503   25.749583465
    3.097943109   51.980669653    6.968203812
    3.101476991   51.988895761   -5.446213874
    3.105010872   51.967267897  -13.351351284
    3.108544753   51.920787502  -19.225600700
    3.112078635   51.851889491  -23.638044174
    3.115612516   51.776636357  -23.244558563
    3.119146397   51.714518214  -17.773331880
    3.122680278   51.675582704  -11.314904631
    3.126214160   51.642852239  -14.084462269
    3.129748041   51.584065923  -26.194320371
    3.133281922   51.482484364  -35.188698519
    3.136815803   51.371378718  -29.272586582
    3.140349685   51.306418138  -12.840196697
    3.143883566   51.302035133    1.956412112
    3.147417447   51.329275316    6.547613612
    3.150951328   51.360134349    4.752126428
    3.154485210   51.384268279    3.883786993
    3.158019091   51.399675960   -3.904888719
    3.161552972   51.361714124  -25.992230208
    3.165086853   51.228859061  -52.493921556
    3.168620735   51.037502667  -55.672730488
    3.172154616   50.904325840  -20.244454556
    3.175688497   50.931668398   29.080383003
    3.179222378   51.090796054   48.669445432
    3.182756260   51.244757610   25.909381784
    3.186290141   51.291366361   -1.765275490
    3.189824022   51.284698374   -0.674361432
    3.193357904   51.340741550   27.889312243
    3.196891785   51.497493632   51.159373705
    3.200425666   51.682289215   39.667010192
    3.203959547   51.779171335    9.588798129
    3.207493429   51.776614060  -13.003653633
    3.211027310   51.737579699  -12.090177463
    3.214561191   51.722656758   -5.545237807
    3.218095072   51.709114364  -10.328757666
    3.221628954   51.656681245  -24.880903284
    3.225162835   51.565025416  -27.197905205
    3.228696716   51.507012688   -9.416241196
    3.232230597   51.526120249   11.775206442
    3.235764479   51.583192152    8.585983700
    3.239298360   51.575068392  -22.825295628
    3.242832241   51.446116338  -53.132011079
    3.246366122   51.264087964  -46.561764510
    3.249900004   51.183686441   -1.182629248
    3.253433885   51.285720066   47.827208987
    3.256967766   51.498137690   59.304231673
    3.260501647   51.666826721   26.636479219
    3.264035529   51.699845153  -12.076366640
    3.267569410   51.649133185  -16.085418593
    3.271103291   51.645176401   10.041506773
    3.274637173   51.730871079   28.153504643
    3.278171054   51.823908145   13.866772034
    3.281704935   51.829361311  -15.896289228
    3.285238816   51.755972017  -23.808978537
    3.288772698   51.720027753    1.674326868
    3.292306579   51.803551253   35.777433643
    3.295840460   51.968684650   45.708597860
    3.299374341   52.106200348   22.766210625
    3.302908223   52.141494958   -5.449019142
    3.306442104   52.115442091  -10.616809553
    3.309975985   52.123178008   11.313494477
    3.313509866   52.218701641   34.757340465
    3.317043748   52.356164640   31.464207889
    3.320577629   52.426974006    0.256474301
    3.324111510   52.369426380  -36.370768366
    3.327645391   52.219558785  -49.156634092
    3.331179273   52.091919128  -23.143870148
    3.334713154   52.103833617   25.255576805
    3.338247035   52.276509852   61.808202526
    3.341780917   52.512198729   58.856815817
    3.345314798   52.664725154   15.975810347
    3.348848679   52.637512484  -36.542379786
    3.352382560   52.462972078  -60.904327430
    3.355916442   52.272208938  -46.799459184
    3.359450323   52.179640457  -10.440066523
    3.362984204   52.212344226   20.872624258
    3.366518085   52.326794087   33.669979432
    3.370051967   52.460957835   36.276467581
    3.373585848   52.599102184   36.587459718
    3.377119729   52.738476962   34.531755230
    3.380653610   52.852692354   19.716194453
    3.384187492   52.887840294   -5.762192236
    3.387721373   52.832349847  -27.108415118
    3.391255254   52.743959707  -22.874897860
    3.394789135   52.724608483    7.840860574
    3.398323017   52.825181040   41.292554161
    3.401856898   53.008917284   52.273451865
    3.405390779   53.191490269   43.005347588
    3.408924660   53.329579338   29.439714046
    3.412458542   53.431633274   24.060807367
    3.415992423   53.521463395   20.783006171
    3.419526304   53.590679030    9.212405068
    3.423060186   53.605183418   -7.025395966
    3.426594067   53.566183623  -17.686341307
    3.430127948   53.506974825  -21.214410791
    3.433661829   53.452014320  -14.566308977
    3.437195711   53.434997192   -0.773863850
    3.440729592   53.477869498   18.304908109
    3.444263473   53.586934573   37.459844735
    3.447797354   53.747962726   45.815681062
    3.451331236   53.915166504   40.386536001
    3.454865117   54.050909369   30.582070530
    3.458398998   54.164014236   29.730269429
    3.461932879   54.289783541   36.976758305
    3.465466761   54.440921007   41.052856585
    3.469000642   54.582101848   29.914986429
    3.472534523   54.655359528    5.007257886
    3.476068404   54.640738478  -16.390275899
    3.479602286   54.583159766  -19.386962495
    3.483136167   54.550930004   -1.678637068
    3.486670048   54.602528062   25.750603306
    3.490203929   54.746239054   46.918260004
    3.493737811   54.942414725   56.140854891
    3.497271692   55.150135669   55.136833048
    3.500805573   55.346242124   50.552257672
    3.504339455   55.531480043   47.585773540
    3.507873336   55.706763852   45.239884933
    3.511407217   55.861754300   36.338062955
    3.514941098   55.974418653   21.271257407
    3.518474980   56.038712451   10.710651264
    3.522008861   56.084563565   11.286053360
    3.525542742   56.146054136   16.297819142
    3.529076623   56.211063143   13.625457423
    3.532610505   56.246328795    0.968632174
    3.536144386   56.246608650   -5.200500032
    3.539678267   56.262429418   12.903179705
    3.543212148   56.374518652   44.733436456
    3.546746030   56.589847515   66.853898354
    3.550279911   56.839426629   64.418261179
    3.553813792   57.039291491   40.459876613
    3.557347673   57.143499886   15.288978673
    3.560881555   57.181922288    4.869011808
    3.564415436   57.221855872   12.885432933
    3.567949317   57.319146713   37.992726660
    3.571483199   57.510505428   63.164783613
    3.575017080   57.762228046   70.209672921
    3.578550961   57.990004554   48.601743250
    3.582084842   58.109327510   10.963879349
    3.585618724   58.108220059  -11.874182187
    3.589152605   58.078409030   -5.716778441
    3.592686486   58.109585394   19.404895161
    3.596220367   58.222409215   34.487742587
    3.599754249   58.349054480   27.773156563
    3.603288130   58.430624890   13.693746546
    3.606822011   58.486767828   16.706526161
    3.610355892   58.594101166   39.724973224
    3.613889774   58.786848578   61.652220803
    3.617423655   59.023558006   61.450276328
    3.620957536   59.221035750   43.706631455
    3.624491417   59.353375619   29.062418030
    3.628025299   59.469969845   35.139793710
    3.631559180   59.642359934   58.125182537
    3.635093061   59.895120793   77.322160882
    3.638626942   60.183700983   75.265603779
    3.642160824   60.426228465   55.104227145
    3.645694705   60.591334156   34.329617819
    3.649228586   60.708170278   28.243696380
    3.652762468   60.828058580   34.829150822
    3.656296349   60.966495247   35.419529503
    3.659830230   61.081346485   23.278630450
    3.663364111   61.153380214   15.525863454
    3.666897993   61.243828154   35.484329656
    3.670431874   61.453273615   81.014244598
    3.673965755   61.822893107  117.412827381
    3.677499636   62.253511250  112.823576728
    3.681033518   62.590315236   67.693021389
    3.684567399   62.748840302   19.133255036
    3.688101280   62.785863719    2.140027186
    3.691635161   62.833459987   25.579607648
    3.695169043   63.008145662   68.422533781
    3.698702924   63.331505530  105.356250719
    3.702236805   63.745648669  120.081336922
    3.705770686   64.162718577  104.925864906
    3.709304568   64.482329072   68.610714788
    3.712838449   64.667197325   32.955967522
    3.716372330   64.768680724   24.093591877
    3.719906212   64.902133320   51.265452038
    3.723440093   65.163424092   90.468357185
    3.726973974   65.533030404  107.097524564
    3.730507855   65.893490347   83.598623361
    3.734041737   66.120122548   38.756325802
    3.737575618   66.198605127    5.649663958
    3.741109499   66.212466169    0.638172636
    3.744643380   66.256996199   19.917409114
    3.748177262   66.379168843   43.721846869
    3.751711143   66.571067006   57.473308886
    3.755245024   66.784251319   54.909490357
    3.758778905   66.957126420   34.409507997
    3.762312787   67.036524347    6.093897506
    3.765846668   67.048206402    1.399553796
    3.769380549   67.131152365   48.802879452
    3.772914430   67.472703916  141.416580363
    3.776448312   68.118142606  204.408428787
    3.779982193   68.777612459  131.336317883
    3.783516074   68.859916483 -118.235392922
    3.787049955   67.882210394 -431.192961110
    3.790583837   66.076723325 -534.045402536
    3.794117718   64.749232780 -118.701977134
    3.797651599   66.030246615  935.935057481
    3.801185481   71.905517260 2417.148942857
    3.804719362   83.067660406 3835.271804100
    3.808253243   98.347472536 4678.047432776
    3.811787124  115.155789341 4688.681685068
    3.815321006  130.649525173 3978.553602062
    3.818854887  142.880613571 2913.359155308
    3.822388768  151.307732206 1880.787676204
    3.825922649  156.525169462 1120.853840102
    3.829456531  159.624365017  673.982869364
    3.832990412  161.585793558  459.970228331
    3.836524293  163.039556620  369.950027492
    3.840058174  164.286821012  331.845660620
    3.843592056  165.446008195  316.563060858
    3.847125937  166.567998891  314.946095783
    3.850659818  167.688588133  315.035439334
    3.854193699  168.808512033  314.552237835
    3.857727581  169.922627588  314.122723517
    3.861261462  171.034849139  312.678724371
    3.864795343  172.139997668  310.294187042
    3.868329224  173.244562779  312.956854009
    3.871863106  174.390139281  337.444053094
    3.875396987  175.674078704  391.485543248
    3.878930868  177.180852049  457.317858156
    3.882464750  178.883015225  494.719784760
    3.885998631  180.611598967  470.436722532
    3.889532512  182.155832107  396.068591363
    3.893066393  183.425207896  325.101735621
    3.896600275  184.532927045  311.684864472
    3.900134156  185.725150420  371.510038018
    3.903668037  187.218336745  472.787634112
    3.907201918  189.069877984  568.210015882
    3.910735800  191.184797077  618.443971889
    3.914269681  193.381804493  615.124369777
    3.917803562  195.505483629  582.189359343
    3.921337443  197.511106031  554.586155007
    3.924871325  199.472750502  558.807144938
    3.928405206  201.509249017  597.174944784
    3.931939087  203.707109180  643.085966784
    3.935472968  206.029786158  660.672843771
    3.939006850  208.321650585  623.347826455
    3.942540731  210.377563339  532.067788163
    3.946074612  212.061100239  419.103002440
    3.949608494  213.389495515  339.724183017
    3.953142375  214.564068424  338.624788366
    3.956676256  215.890184193  423.497869774
    3.960210137  217.629430362  563.075111410
    3.963744019  219.879576047  704.930339811
    3.967277900  222.553492163  793.397270435
    3.970811781  225.395972126  798.737147504
    3.974345662  228.099743377  717.081693047
    3.977879544  230.398881667  575.728236361
    3.981413425  232.158509340  421.763972976
    3.984947306  233.415824281  296.732123046
    3.988481187  234.318076305  221.760790846
    3.992015069  235.034614212  187.836890460
    3.995548950  235.668358003  170.521323986
    3.999082831  236.238132333  148.452626222
    4.002616712  236.710019906  116.388238770
    4.006150594  237.056639344   79.740807649
    4.009684475  237.280627564   46.506515906
    4.013218356  237.402516128   24.075667383
    4.016752237  237.461675363   10.776205375
    4.020286119  237.486598777    4.190705704
    4.023820000  237.495749282    1.420639405
