#! FIELDS d1 file.free der_d1
#! SET min_d1 0.214296
#! SET max_d1 4.02382
#! SET nbins_d1  1079
#! SET periodic_d1 false
    0.214296000  289.745781196   -0.135983384
    0.217829881  289.744505338   -0.622504814
    0.221363763  289.736401510   -3.614058692
    0.224897644  289.707624124  -13.340184236
    0.228431525  289.617316920  -40.989829198
    0.231965406  289.364955872 -110.243074965
    0.235499288  288.737603556 -262.152415117
    0.239033169  287.341387289 -555.767766882
    0.242567050  284.566348839 -1050.814053214
    0.246100931  279.639496303 -1772.518310268
    0.249634813  271.823513688 -2668.693331505
    0.253168694  260.740235143 -3589.109150771
    0.256702575  246.676408747 -4319.340115148
    0.260236456  230.654053471 -4673.491160589
    0.263770338  214.162277596 -4588.759829542
    0.267304219  198.618864720 -4164.899927918
    0.270838100  184.878413428 -3605.412011305
    0.274371981  173.055532243 -3105.311254035
    0.277905863  162.736711262 -2759.740577111
    0.281439744  153.378712493 -2551.742541306
    0.284973625  144.618060590 -2408.252571537
    0.288507506  136.349722922 -2266.530945277
    0.292041388  128.611795720 -2108.706946974
    0.295575269  121.436934588 -1953.036551335
    0.299109150  114.767129599 -1826.829972880
    0.302643032  108.465918875 -1749.174609264
    0.306176913  102.350291719 -1721.123084031
    0.309710794   96.263976567 -1729.850414525
    0.313244675   90.112712997 -1754.975099768
    0.316778557   83.876218213 -1774.067311203
    0.320312438   77.597593944 -1780.239643796
    0.323846319   71.319383243 -1775.344299244
    0.327380200   65.061071009 -1770.532979451
    0.330914082   58.817911312 -1766.700745873
    0.334447963   52.603464740 -1751.605987485
    0.337981844   46.487642131 -1706.416938348
    0.341515725   40.598436732 -1626.610242203
    0.345049607   35.040608707 -1520.150004622
    0.348583488   29.876034347 -1408.287878117
    0.352117369   25.101208525 -1300.517657566
    0.355651250   20.697939469 -1197.510521084
    0.359185132   16.663537810 -1089.298494492
    0.362719013   13.030755847 -970.069809129
    0.366252894    9.842251951 -840.988692526
    0.369786776    7.119348990 -706.866674163
    0.373320657    4.863516922 -576.201876218
    0.376854538    3.059535018 -453.982131594
    0.380388419    1.678746662 -336.877930250
    0.383922301    0.707748770 -220.362266807
    0.387456182    0.147904041 -104.036519140
    0.390990063    0.000000000   11.413639245
    0.394523944    0.252059065  120.908002792
    0.398057826    0.870568416  217.611168415
    0.401591707    1.801128903  297.895776667
    0.405125588    2.987795131  362.659965738
    0.408659469    4.389624109  418.437263505
    0.412193351    5.975537133  470.198091006
    0.415727232    7.728391834  511.083602263
    0.419261113    9.602742258  535.378129587
    0.422794994   11.522148906  537.123060241
    0.426328876   13.401592873  513.755818787
    0.429862757   15.164905670  471.971011438
    0.433396638   16.768738973  427.916795865
    0.436930519   18.225053253  386.461362346
    0.440464401   19.533880365  343.899052460
    0.443998282   20.668901726  287.320599304
    0.447532163   21.578215559  217.219647746
    0.451066045   22.242540593  153.092809933
    0.454599926   22.722672814  114.097635733
    0.458133807   23.110830177   99.195708072
    0.461667688   23.463824443   90.303737487
    0.465201570   23.775367304   75.044607362
    0.468735451   24.018472693   53.664353400
    0.472269332   24.185916194   33.494996094
    0.475803213   24.290960342   16.575396461
    0.479337095   24.339269594    2.125091117
    0.482870976   24.339554727   -9.216422238
    0.486404857   24.308540598  -16.243856076
    0.489938738   24.257323378  -19.678788803
    0.493472620   24.185735735  -32.688373115
    0.497006501   24.047864780  -56.806338311
    0.500540382   23.813637948  -82.343590952
    0.504074263   23.505451435  -96.424446407
    0.507608145   23.181738468  -91.555466712
    0.511142026   22.897612531  -80.122811973
    0.514675907   22.636968772  -79.231678258
    0.518209788   22.337985636 -101.061455655
    0.521743670   21.935806748 -135.471802038
    0.525277551   21.419958825 -161.785860194
    0.528811432   20.846901535 -166.886657047
    0.532345314   20.290052108 -156.217670703
    0.535879195   19.776243078 -143.773756892
    0.539413076   19.282519051 -145.870912930
    0.542946957   18.759065754 -162.949927255
    0.546480839   18.167859235 -178.114820080
    0.550014720   17.538177116 -185.384731659
    0.553548601   16.902523418 -183.025872226
    0.557082482   16.278955506 -179.140932446
    0.560616364   15.658488423 -181.152704734
    0.564150245   15.026350208 -183.178678763
    0.567684126   14.404214463 -175.081606787
    0.571218007   13.833828917 -153.791321821
    0.574751889   13.346090913 -131.625637343
    0.578285770   12.924943709 -118.397530443
    0.581819651   12.523005977 -117.742767103
    0.585353532   12.114650442 -121.479050390
    0.588887414   11.703975506 -119.053950187
    0.592421295   11.321179701 -104.800554955
    0.595955176   11.004107762  -80.840276446
    0.599489058   10.777812724  -57.162216636
    0.603022939   10.624272592  -38.511605799
    0.606556820   10.516276976  -31.887879446
    0.610090701   10.420409264  -33.128349933
    0.613624583   10.320833751  -30.897580657
    0.617158464   10.245744183  -17.902982011
    0.620692345   10.234878272    2.750530765
    0.624226226   10.297320534   21.319199881
    0.627760108   10.406318374   28.950688229
    0.631293989   10.530549278   32.407865253
    0.634827870   10.682321418   46.775025213
    0.638361751   10.910646513   76.011171509
    0.641895633   11.248956658  104.940901751
    0.645429514   11.666040488  118.518665902
    0.648963395   12.098763061  117.207991581
    0.652497276   12.524128742  116.755836190
    0.656031158   12.973775700  131.664036661
    0.659565039   13.498073018  157.301537539
    0.663098920   14.104142639  171.719268052
    0.666632801   14.727904883  171.422320642
    0.670166683   15.335858944  166.206346879
    0.673700564   15.948787500  173.404620377
    0.677234445   16.613288150  194.558895195
    0.680768327   17.351507601  214.467406301
    0.684302208   18.141717523  222.061957908
    0.687836089   18.948815979  225.592290095
    0.691369970   19.773621794  234.505704950
    0.694903852   20.634172678  242.165180526
    0.698437733   21.502871706  235.685600272
    0.701971614   22.313916338  212.199696764
    0.705505495   23.030054633  186.621871749
    0.709039377   23.682713712  176.527242545
    0.712573258   24.329031356  179.674322782
    0.716107139   24.981397541  178.481683555
    0.719641020   25.600335364  159.526822869
    0.723174902   26.132520937  133.301488943
    0.726708783   26.583674639  116.532103740
    0.730242664   27.003572203  113.614197193
    0.733776545   27.422506113  114.434728695
    0.737310427   27.834879008  107.089206903
    0.740844308   28.207396852   95.353278972
    0.744378189   28.539001859   87.007773247
    0.747912071   28.856584239   86.008166018
    0.751445952   29.178505680   85.750708315
    0.754979833   29.488616330   79.930412056
    0.758513714   29.760344240   65.600077910
    0.762047596   29.980184426   50.706835668
    0.765581477   30.158934815   44.465247838
    0.769115358   30.332911181   45.935246639
    0.772649239   30.517291657   48.285100414
    0.776183121   30.698857597   45.438406983
    0.779717002   30.853376752   33.304094667
    0.783250883   30.952501172   13.374509391
    0.786784764   30.976923309   -7.888591264
    0.790318646   30.933968432  -23.428743500
    0.793852527   30.852201246  -29.648557351
    0.797386408   30.765455157  -27.483773638
    0.800920289   30.688672003  -24.411411487
    0.804454171   30.607956128  -30.809456645
    0.807988052   30.493340722  -42.571550061
    0.811521933   30.345092782  -45.562666424
    0.815055814   30.219901351  -31.710518477
    0.818589696   30.169049026   -4.390393199
    0.822123577   30.205068994   14.210985332
    0.825657458   30.271197480   10.509094704
    0.829191340   30.296451283   -4.543196277
    0.832725221   30.274673516  -14.224088854
    0.836259102   30.248680820   -5.140014380
    0.839792983   30.272489378    9.366702543
    0.843326865   30.333764231   15.167818549
    0.846860746   30.394392623    8.738685653
    0.850394627   30.424839258    1.756729149
    0.853928508   30.445914302    5.310620207
    0.857462390   30.503378945   18.515215497
    0.860996271   30.608161767   30.375126010
    0.864530152   30.738645137   34.261145638
    0.868064033   30.874089643   34.499082526
    0.871597915   31.017600484   39.886448103
    0.875131796   31.190570673   49.661778088
    0.878665677   31.392161672   55.105106070
    0.882199558   31.587457058   44.813735387
    0.885733440   31.720427341   19.565961512
    0.889267321   31.754314876   -5.773631855
    0.892801202   31.717544238  -19.866664694
    0.896335083   31.662153872  -20.147053536
    0.899868965   31.609727887  -18.417080199
    0.903402846   31.549123294  -24.915947145
    0.906936727   31.455794728  -34.800061080
    0.910470609   31.347633324  -31.452192263
    0.914004490   31.279794384  -14.702197730
    0.917538371   31.267792136   -1.763797378
    0.921072252   31.265463841  -12.423515523
    0.924606134   31.188691360  -41.879850612
    0.928140015   31.004841342  -66.433896108
    0.931673896   30.763131995  -74.511334070
    0.935207777   30.519601164  -75.201081569
    0.938741659   30.265099449  -77.100428450
    0.942275540   29.989599792  -87.936839496
    0.945809421   29.682422270  -91.159875761
    0.949343302   29.390402654  -79.060220758
    0.952877184   29.160207179  -60.081492436
    0.956411065   28.984065142  -51.418267082
    0.959944946   28.808673073  -56.559820028
    0.963478827   28.606457409  -64.668453758
    0.967012709   28.399074210  -57.946098565
    0.970546590   28.244875279  -35.424068582
    0.974080471   28.177676590  -14.159821679
    0.977614353   28.159131130   -6.222117042
    0.981148234   28.138508314  -15.413002766
    0.984682115   28.081910525  -22.545006253
    0.988215996   28.021796633  -17.765236707
    0.991749878   28.000583615   -3.641428703
    0.995283759   28.023895700    5.912721368
    0.998817640   28.053053803    0.120226575
    1.002351521   28.047802829  -11.260223587
    1.005885403   28.017358408  -11.405754376
    1.009419284   28.021171778    6.899136773
    1.012953165   28.110100290   34.945443998
    1.016487046   28.289988398   57.305878900
    1.020020928   28.527939032   66.094281293
    1.023554809   28.770464935   61.108711016
    1.027088690   28.974425707   42.799072010
    1.030622571   29.098059121   16.464003338
    1.034156453   29.130388346   -4.923689086
    1.037690334   29.109220712  -12.045524415
    1.041224215   29.090889641   -4.209824696
    1.044758096   29.106973437    4.306253461
    1.048291978   29.134930698   -0.168817180
    1.051825859   29.126006027  -13.752828490
    1.055359740   29.070398156  -23.651884234
    1.058893622   29.000816174  -20.514333335
    1.062427503   28.963402248  -10.318953840
    1.065961384   28.956483462   -4.810538380
    1.069495265   28.941654092  -14.248610381
    1.073029147   28.871420373  -34.665847545
    1.076563028   28.732157327  -49.391906458
    1.080096909   28.578015016  -43.564782815
    1.083630790   28.483877606  -16.199353488
    1.087164672   28.493608918   12.324381799
    1.090698553   28.569312369   17.661405199
    1.094232434   28.614136341   -3.331112792
    1.097766315   28.569001546  -30.138533343
    1.101300197   28.456853424  -37.428368006
    1.104834078   28.363475952  -20.006999427
    1.108367959   28.350260757    3.320343166
    1.111901840   28.397088621    9.714849426
    1.115435722   28.418762771   -7.612180416
    1.118969603   28.359849658  -34.564085892
    1.122503484   28.225214206  -47.130910430
    1.126037365   28.090806815  -32.866523211
    1.129571247   28.040318005   -2.649534360
    1.133105128   28.092749708   21.268467153
    1.136639009   28.191935619   22.656270857
    1.140172891   28.259058995    3.179248648
    1.143706772   28.248587698  -16.140549079
    1.147240653   28.195104480  -18.162426586
    1.150774534   28.170684241   -2.158184020
    1.154308416   28.212675556   16.409457733
    1.157842297   28.294800368   17.475278352
    1.161376178   28.343079777    0.459185844
    1.164910059   28.322345466  -18.403144184
    1.168443941   28.262249971  -20.909059954
    1.171977822   28.224841982   -5.215683935
    1.175511703   28.252625014   10.925049924
    1.179045584   28.315934305   13.491852504
    1.182579466   28.360872401    1.808406621
    1.186113347   28.354452963  -14.079001483
    1.189647228   28.301937508  -22.234867627
    1.193181109   28.234529945  -23.786905884
    1.196714991   28.167476507  -24.551725974
    1.200248872   28.088357614  -26.987662757
    1.203782753   27.998119837  -31.770637905
    1.207316635   27.897437323  -31.317254871
    1.210850516   27.814017568  -23.104468846
    1.214384397   27.769796665  -10.246114031
    1.217918278   27.765737202   -2.864668287
    1.221452160   27.766868609   -4.860095101
    1.224986041   27.752577131  -10.490064358
    1.228519922   27.731869996   -7.827498265
    1.232053803   27.747333163    7.022995636
    1.235587685   27.817450289   24.718132475
    1.239121566   27.925262891   24.677373235
    1.242655447   27.997664821    4.674646720
    1.246189328   27.981157942  -20.653777806
    1.249723210   27.896320665  -32.135138499
    1.253257091   27.815451446  -19.416327443
    1.256790972   27.809718675    9.319711695
    1.260324853   27.903366325   32.503413069
    1.263858735   28.044606398   36.783218835
    1.267392616   28.169246882   24.054858067
    1.270926497   28.245467655   12.176296007
    1.274460378   28.309095676   18.628295048
    1.277994260   28.427492936   41.340583460
    1.281528141   28.630929775   63.665991540
    1.285062022   28.890303992   73.560726265
    1.288595904   29.161554447   69.923326081
    1.292129785   29.420018155   67.876133096
    1.295663666   29.685046782   76.585991911
    1.299197547   29.988308031   86.902958166
    1.302731429   30.318767678   88.372694859
    1.306265310   30.636880890   83.583440950
    1.309799191   30.936582621   79.750994318
    1.313333072   31.237853707   83.432669268
    1.316866954   31.553822072   84.776577308
    1.320400835   31.853089458   75.208452610
    1.323934716   32.103370916   58.414423003
    1.327468597   32.309515714   52.873760941
    1.331002479   32.532914905   68.216799536
    1.334536360   32.833492266   94.234829908
    1.338070241   33.214576388  108.956107819
    1.341604122   33.610974212  103.818479468
    1.345138004   33.958337920   83.199831466
    1.348671885   34.222818946   58.443238954
    1.352205766   34.415761861   42.159191289
    1.355739647   34.575841935   42.494488502
    1.359273529   34.754216055   51.775557334
    1.362807410   34.963695527   55.347680117
    1.366341291   35.164322188   48.403423138
    1.369875173   35.329542434   38.478620827
    1.373409054   35.482523543   42.929986020
    1.376942935   35.677176011   59.345641033
    1.380476816   35.913865951   63.033194363
    1.384010698   36.111462989   35.689535571
    1.387544579   36.181524572   -3.859146515
    1.391078460   36.143790052  -19.195285290
    1.394612341   36.119202733    3.578398957
    1.398146223   36.204888948   34.561556096
    1.401680104   36.363249997   40.193325174
    1.405213985   36.486021321   18.402394250
    1.408747866   36.527211857    2.068062133
    1.412281748   36.564818344   15.867530005
    1.415815629   36.697193142   51.498205849
    1.419349510   36.942624686   74.101505550
    1.422883391   37.206538667   60.676593806
    1.426417273   37.371927824   24.826418908
    1.429951154   37.419372342   -1.256953616
    1.433485035   37.430041753    1.628394989
    1.437018917   37.493012119   26.458913866
    1.440552798   37.632061732   42.071361103
    1.444086679   37.786120648   32.860018348
    1.447620560   37.877292663   10.977433550
    1.451154442   37.903134322   -3.036535468
    1.454688323   37.912759318    2.220599894
    1.458222204   37.953694780   14.370446715
    1.461756085   38.027333064   17.247561179
    1.465289967   38.088129382    8.277507261
    1.468823848   38.111715576   -1.236339306
    1.472357729   38.116606130   -1.641183173
    1.475891610   38.139792743    6.766685679
    1.479425492   38.190617007   12.966855854
    1.482959373   38.241122311    8.313867884
    1.486493254   38.264414237   -4.363052704
    1.490027135   38.256379903   -6.926592049
    1.493561017   38.268325309    9.375597362
    1.497094898   38.360672141   35.054121376
    1.500628779   38.537435309   54.702335259
    1.504162660   38.747906342   51.155374425
    1.507696542   38.907827089   28.913412525
    1.511230423   38.973018523    1.447806201
    1.514764304   38.964466229  -12.033820161
    1.518298186   38.946241460   -2.576571111
    1.521832067   38.986641850   16.001515143
    1.525365948   39.078953198   26.797755365
    1.528899829   39.178055095   18.246165199
    1.532433711   39.229624583    3.551235496
    1.535967592   39.242478413   -0.818848307
    1.539501473   39.270116085   10.187540351
    1.543035354   39.350285915   28.092870840
    1.546569236   39.483063290   36.230497159
    1.550103117   39.618462965   31.082665875
    1.553636998   39.722918398   20.546747965
    1.557170879   39.802254675   20.896620882
    1.560704761   39.917611567   39.009149590
    1.564238642   40.117574301   65.376814337
    1.567772523   40.390756333   78.597207430
    1.571306404   40.661049694   61.038432687
    1.574840286   40.828695948   23.547672755
    1.578374167   40.863080833   -8.731147860
    1.581908048   40.828639328  -12.564043477
    1.585441929   40.833645282    9.211829454
    1.588975811   40.932485200   37.396539788
    1.592509692   41.098829454   44.862701825
    1.596043573   41.244727358   27.309033448
    1.599577455   41.308300230    2.121038888
    1.603111336   41.309908627   -6.014961498
    1.606645217   41.330166704   13.563049094
    1.610179098   41.444549729   43.039514109
    1.613712980   41.646674208   58.893332062
    1.617246861   41.862036744   51.363184409
    1.620780742   42.028172049   35.035603858
    1.624314623   42.153421284   29.680647119
    1.627848505   42.286077947   39.567064200
    1.631382386   42.457278825   47.143731936
    1.634916267   42.627307520   39.458294737
    1.638450148   42.745234797   18.999804700
    1.641984030   42.798702533    5.358398502
    1.645517911   42.836169414   11.498917274
    1.649051792   42.917901572   26.603313674
    1.652585673   43.045772169   33.786575446
    1.656119555   43.168988789   27.364510538
    1.659653436   43.254895209   13.242084548
    1.663187317   43.302716341    8.878154778
    1.666721199   43.358743607   16.509967923
    1.670255080   43.452623656   28.979365757
    1.673788961   43.582908286   35.336632562
    1.677322842   43.720963643   34.321953303
    1.680856724   43.855412500   31.914032879
    1.684390605   43.983659747   34.570299365
    1.687924486   44.123033707   35.733207246
    1.691458367   44.257334205   29.343985320
    1.694992249   44.352254168   17.381803214
    1.698526130   44.401757968    3.443851985
    1.702060011   44.418526725   -0.037860050
    1.705593892   44.445112856   10.030760422
    1.709127774   44.522934178   26.811333134
    1.712661655   44.659719340   41.903732351
    1.716195536   44.838155418   50.783493815
    1.719729417   45.036782007   51.680428459
    1.723263299   45.226162721   47.252229352
    1.726797180   45.390180949   37.531666919
    1.730331061   45.515744938   24.519542582
    1.733864942   45.593413772   11.848212148
    1.737398824   45.630845109    2.711135843
    1.740932705   45.648162779    0.799618332
    1.744466586   45.673928243    7.170231859
    1.748000468   45.734688871   18.332623380
    1.751534349   45.828069206   26.300345282
    1.755068230   45.932207330   25.430601261
    1.758602111   46.026424227   19.382511212
    1.762135993   46.105132708   18.132840489
    1.765669874   46.192965577   23.532677341
    1.769203755   46.303728744   31.190411629
    1.772737636   46.430199059   30.538138969
    1.776271518   46.535014395   19.367821645
    1.779805399   46.587079543    2.233468489
    1.783339280   46.581116156  -10.677323823
    1.786873161   46.557339239   -8.708763183
    1.790407043   46.573669381   13.493586533
    1.793940924   46.687502571   41.274459767
    1.797474805   46.877727948   55.642504541
    1.801008686   47.080414486   47.143260000
    1.804542568   47.229565803   27.758952957
    1.808076449   47.318545073   16.892268448
    1.811610330   47.390958187   19.577968592
    1.815144212   47.479905761   21.997941373
    1.818678093   47.558991835   12.495976955
    1.822211974   47.585572583   -7.056141547
    1.825745855   47.549418339  -18.880107119
    1.829279737   47.503074455   -8.848172954
    1.832813618   47.526329838   15.559302906
    1.836347499   47.640126756   38.262569018
    1.839881380   47.801975035   42.940058590
    1.843415262   47.943339089   28.129535317
    1.846949143   48.026932522   10.844921186
    1.850483024   48.068379493    7.211315024
    1.854016905   48.118045447   13.070443230
    1.857550787   48.191859110   20.883687584
    1.861084668   48.285071733   23.531773166
    1.864618549   48.386125312   25.713734119
    1.868152430   48.499795238   30.157910828
    1.871686312   48.627961568   34.359067866
    1.875220193   48.756346637   30.353241089
    1.878754074   48.861683244   19.429528452
    1.882287955   48.925803592    9.471413748
    1.885821837   48.963437462    6.145306661
    1.889355718   49.004514894   10.597767173
    1.892889599   49.077806059   22.802595802
    1.896423481   49.193071116   34.167954538
    1.899957362   49.333685469   35.905149924
    1.903491243   49.458665217   25.925263574
    1.907025124   49.539285722   13.124921107
    1.910559006   49.588919151    9.565972205
    1.914092887   49.647449839   17.060832924
    1.917626768   49.730717469   22.161345053
    1.921160649   49.810507511   13.240969097
    1.924694531   49.840096068   -6.389923346
    1.928228412   49.804019477  -18.033855098
    1.931762293   49.756886983  -13.018149083
    1.935296174   49.754246330    4.937239123
    1.938830056   49.812659188   17.876397419
    1.942363937   49.890752760   16.345206043
    1.945897818   49.940521141    5.421061148
    1.949431699   49.965051199    3.543901431
    1.952965581   50.010254317   16.539719497
    1.956499462   50.113544163   31.517271326
    1.960033343   50.243188687   31.885495005
    1.963567224   50.341543271   13.618140465
    1.967101106   50.371198232   -4.235789767
    1.970634987   50.360243794   -8.204907907
    1.974168868   50.350240349   -2.618465307
    1.977702750   50.357633984   -2.873245945
    1.981236631   50.353378606   -9.301445567
    1.984770512   50.321884048  -14.717327099
    1.988304393   50.280791160  -13.355688371
    1.991838275   50.262792326   -4.971860176
    1.995372156   50.281711870    8.655376195
    1.998906037   50.345238182   19.049226713
    2.002439918   50.430938199   20.363682861
    2.005973800   50.493762124    6.803183398
    2.009507681   50.497938605  -13.679393235
    2.013041562   50.441480349  -23.522848177
    2.016575443   50.380054682  -15.011609604
    2.020109325   50.368881693    1.363159504
    2.023643206   50.405436343   11.316879663
    2.027177087   50.454802925    5.445436178
    2.030710968   50.468027050   -5.211310532
    2.034244850   50.449395235  -11.692039183
    2.037778731   50.424901678   -7.922445842
    2.041312612   50.424146267   -1.934049769
    2.044846494   50.437880316    0.897290939
    2.048380375   50.447531789   -4.189206847
    2.051914256   50.431627293  -11.672290069
    2.055448137   50.399798343  -14.513636329
    2.058982019   50.372066554   -7.280270146
    2.062515900   50.375726791    3.829770125
    2.066049781   50.417602977   10.624179654
    2.069583662   50.472716900   10.831841316
    2.073117544   50.516061381    7.284393991
    2.076651425   50.546215805    2.248416443
    2.080185306   50.561721920   -1.659095411
    2.083719187   50.559521494   -6.843982791
    2.087253069   50.534829148  -14.073769513
    2.090786950   50.491282102  -16.706430929
    2.094320831   50.455403718  -11.232679256
    2.097854712   50.446410694   -0.509500440
    2.101388594   50.466162090    3.516557514
    2.104922475   50.483415736   -4.382274909
    2.108456356   50.459549459  -16.512998891
    2.111990237   50.398377033  -22.881676545
    2.115524119   50.338966131  -16.527076466
    2.119058000   50.321031549   -0.845622682
    2.122591881   50.356988935   10.117684830
    2.126125763   50.403267692    5.861782801
    2.129659644   50.409008996   -9.813364772
    2.133193525   50.366483222  -20.619647626
    2.136727406   50.317253047  -11.633937247
    2.140261288   50.324443870    8.237265764
    2.143795169   50.389655244   18.174802359
    2.147329050   50.451562014    5.950026711
    2.150862931   50.446726791  -15.428994943
    2.154396813   50.381936391  -25.280515434
    2.157930694   50.317164515  -16.431425551
    2.161464575   50.298909406   -2.362066034
    2.164998456   50.316168009    2.917149873
    2.168532338   50.334196166   -1.779100629
    2.172066219   50.331572050   -5.608965020
    2.175600100   50.328490459   -3.104603240
    2.179133981   50.331675881   -4.511189525
    2.182667863   50.307271135  -19.549007122
    2.186201744   50.208597271  -44.032432374
    2.189735625   50.034228179  -57.630815146
    2.193269506   49.858201274  -45.756932953
    2.196803388   49.767515768  -11.008062054
    2.200337269   49.805704404   21.197426200
    2.203871150   49.919005473   31.685527613
    2.207405032   50.024133770   17.681643114
    2.210938913   50.064188569   -0.924883480
    2.214472794   50.056132957   -8.831847887
    2.218006675   50.040331977   -6.472239971
    2.221540557   50.046127708    2.719582269
    2.225074438   50.089153413   14.589078193
    2.228608319   50.173853889   25.022517568
    2.232142200   50.286576661   28.747587873
    2.235676082   50.390206785   19.734001177
    2.239209963   50.443288475    0.326658709
    2.242743844   50.428489123  -14.624205993
    2.246277725   50.380753003  -16.357489695
    2.249811607   50.348835796   -9.286902001
    2.253345488   50.339538377   -6.744822660
    2.256879369   50.321136798  -12.501827610
    2.260413250   50.267461064  -24.878685336
    2.263947132   50.179067598  -30.695014565
    2.267481013   50.093523492  -25.302885484
    2.271014894   50.042132502  -10.751462699
    2.274548776   50.038847568   -0.295237787
    2.278082657   50.060294622    3.104042271
    2.281616538   50.082671176    1.623269184
    2.285150419   50.098766747    0.925035193
    2.288684301   50.114331513   -1.123900878
    2.292218182   50.116095404   -7.927561452
    2.295752063   50.077386285  -19.534294261
    2.299285944   50.000699200  -30.831148292
    2.302819826   49.909382918  -23.979641660
    2.306353707   49.875565998   -1.030058579
    2.309887588   49.929364208   21.319102107
    2.313421469   50.031934726   22.729534386
    2.316955351   50.098000916    5.606697400
    2.320489232   50.097438497  -10.806625198
    2.324023113   50.074879291   -5.369926937
    2.327556994   50.102985127   14.346903640
    2.331090876   50.192039162   25.393017773
    2.334624757   50.281623009   13.510250516
    2.338158638   50.310461312   -3.970969118
    2.341692519   50.299479127   -6.273407470
    2.345226401   50.315224359   10.490619197
    2.348760282   50.399912611   27.104764587
    2.352294163   50.516312823   27.839470334
    2.355828045   50.607579655   14.088851517
    2.359361926   50.640954436   -0.711331508
    2.362895807   50.634824091   -8.645744898
    2.366429688   50.618274885   -7.836420979
    2.369963570   50.613041477   -4.700473492
    2.373497451   50.613095618   -1.727388400
    2.377031332   50.617585444   -2.944830589
    2.380565213   50.619850529   -2.632863178
    2.384099095   50.628662428   -1.082414155
    2.387632976   50.640637132   -0.445605057
    2.391166857   50.637933466  -11.887785577
    2.394700738   50.572317678  -32.475456543
    2.398234620   50.442163035  -47.002429950
    2.401768501   50.299965521  -36.492457633
    2.405302382   50.236316649   -4.222680397
    2.408836263   50.292078205   24.990211740
    2.412370145   50.409560848   28.629305078
    2.415904026   50.490460052    6.002094489
    2.419437907   50.470559574  -22.761706358
    2.422971788   50.369041214  -39.424787408
    2.426505670   50.245330804  -35.386955604
    2.430039551   50.162702242  -17.304769871
    2.433573432   50.151408152    1.303067891
    2.437107314   50.191055132   13.485432173
    2.440641195   50.250924861   12.058522518
    2.444175076   50.286782686   -0.840521996
    2.447708957   50.273966464  -13.219870901
    2.451242839   50.234347093  -14.859366482
    2.454776720   50.214732045   -0.649409020
    2.458310601   50.265104112   20.464289767
    2.461844482   50.378379965   33.683505028
    2.465378364   50.501929366   23.238134024
    2.468912245   50.547639584   -5.814680641
    2.472446126   50.489095264  -31.974563117
    2.475980007   50.379065582  -33.253156555
    2.479513889   50.314183252   -9.330559390
    2.483047770   50.338786840   12.719676385
    2.486581651   50.398747196   10.058584000
    2.490115532   50.410314245  -14.009920765
    2.493649414   50.336425008  -31.475477566
    2.497183295   50.240482000  -26.217907479
    2.500717176   50.197386324   -3.941143811
    2.504251058   50.234173850   16.235449639
    2.507784939   50.325039811   24.317758193
    2.511318820   50.424455917   24.974097265
    2.514852701   50.520480555   21.531259854
    2.518386583   50.597424893   11.382336330
    2.521920464   50.622186018   -5.584540270
    2.525454345   50.580418109  -25.912965205
    2.528988226   50.482782466  -33.606474682
    2.532522108   50.391165624  -22.221820167
    2.536055989   50.369496274    2.640059952
    2.539589870   50.437625596   27.109837919
    2.543123751   50.567739399   34.998609904
    2.546657633   50.688492202   23.064707329
    2.550191514   50.740285639   -2.286805667
    2.553725395   50.707570224  -20.027175527
    2.557259276   50.649577817  -18.059545800
    2.560793158   50.632615540    3.670365511
    2.564327039   50.689714705   17.556591983
    2.567860920   50.752639117    5.854587296
    2.571394801   50.738897299  -22.028490559
    2.574928683   50.643590930  -35.239957862
    2.578462564   50.556584848  -16.137189064
    2.581996445   50.572855380   18.059563688
    2.585530327   50.688927531   33.990289162
    2.589064208   50.805024043   19.011961363
    2.592598089   50.833848355  -10.866624183
    2.596131970   50.776764709  -22.168558690
    2.599665852   50.735368800   -5.386106457
    2.603199733   50.789429734   25.900771777
    2.606733614   50.932517788   43.298827981
    2.610267495   51.080767561   30.276028993
    2.613801377   51.146596628   -1.476829293
    2.617335258   51.109935882  -23.771239358
    2.620869139   51.034274762  -23.272394634
    2.624403020   50.991618700   -6.235381614
    2.627936902   51.014274633    9.383006806
    2.631470783   51.072544401   12.902379060
    2.635004664   51.117755866    4.490479159
    2.638538545   51.120446030  -12.141220405
    2.642072427   51.068885952  -24.335133164
    2.645606308   50.991286724  -25.192080630
    2.649140189   50.933977260  -13.031437126
    2.652674071   50.931167959    4.258428653
    2.656207952   50.981741533   14.758641724
    2.659741833   51.049715232   13.678618685
    2.663275714   51.104399261    8.753000728
    2.666809596   51.146425487    8.378174292
    2.670343477   51.198652953   15.779070122
    2.673877358   51.281433044   22.509993839
    2.677411239   51.377967998   22.821731285
    2.680945121   51.457308457   12.454796534
    2.684479002   51.486636604   -5.444020097
    2.688012883   51.447965843  -21.972938037
    2.691546764   51.359957587  -32.274703121
    2.695080646   51.259116309  -32.552788401
    2.698614527   51.167030722  -25.487710803
    2.702148408   51.102482441  -18.288877452
    2.705682289   51.068285236   -9.133428774
    2.709216171   51.071374341    3.791629859
    2.712750052   51.117710010   13.471621616
    2.716283933   51.176952961   10.794390743
    2.719817814   51.198029802   -9.671466548
    2.723351696   51.131519017  -33.857947807
    2.726885577   50.998554135  -44.132712905
    2.730419458   50.871008273  -33.452972689
    2.733953340   50.806002129  -11.668390687
    2.737487221   50.801529001   -1.789916887
    2.741021102   50.796422517  -11.892424486
    2.744554983   50.740598517  -25.619403689
    2.748088865   50.661221374  -23.161827696
    2.751622746   50.629903602    1.614111178
    2.755156627   50.701786075   31.309820691
    2.758690508   50.853074433   41.744164996
    2.762224390   50.995283538   26.227521726
    2.765758271   51.057541986    3.853257095
    2.769292152   51.055796035   -8.704202888
    2.772826033   51.041284003   -7.771738689
    2.776359915   51.033992325   -3.535736434
    2.779893796   51.024852781   -9.911221333
    2.783427677   50.988116479  -18.466477747
    2.786961558   50.939228735  -14.639044965
    2.790495440   50.920264513   -3.121720422
    2.794029321   50.928617535   -2.436914512
    2.797563202   50.908650593  -19.241776084
    2.801097083   50.824190189  -33.955196366
    2.804630965   50.722341308  -25.465766917
    2.808164846   50.694754632    5.511699128
    2.811698727   50.780674540   31.978308723
    2.815232609   50.915436493   31.704534321
    2.818766490   51.001813914    6.241122298
    2.822300371   50.984629279  -20.151819460
    2.825834252   50.907339597  -26.830329954
    2.829368134   50.848636405  -11.463841938
    2.832902015   50.859647159    7.048232116
    2.836435896   50.907602588    8.737114347
    2.839969777   50.921473889   -8.086399460
    2.843503659   50.875758147  -24.176830864
    2.847037540   50.813459142  -14.614142924
    2.850571421   50.821848743   12.258097192
    2.854105302   50.910469508   27.300128882
    2.857639184   50.998880756    8.181718429
    2.861173065   50.979466159  -27.397736415
    2.864706946   50.858389520  -43.156429328
    2.868240827   50.743544395  -23.655411074
    2.871774709   50.735753717   10.477064071
    2.875308590   50.824541241   26.347310272
    2.878842471   50.908437661    8.329334421
    2.882376353   50.897794915  -20.050992713
    2.885910234   50.812076827  -31.888113673
    2.889444115   50.733132856  -16.762754120
    2.892977996   50.728894058    5.376774208
    2.896511878   50.773651082    8.465348890
    2.900045759   50.788642050   -8.631292908
    2.903579640   50.736730405  -26.206110440
    2.907113521   50.658996111  -19.451871291
    2.910647403   50.647812947    6.478102830
    2.914181284   50.729263805   29.579586218
    2.917715165   50.856096234   30.748332063
    2.921249046   50.952628605   15.912530589
    2.924782928   50.999785224    5.055141620
    2.928316809   51.030575543    6.278912372
    2.931850690   51.074691135    8.666118037
    2.935384571   51.107050274    0.324028531
    2.938918453   51.091039340  -15.392383669
    2.942452334   51.031825477  -24.068956048
    2.945986215   50.966000491  -19.044216595
    2.949520096   50.922710091  -13.660922598
    2.953053978   50.889641535  -16.501237580
    2.956587859   50.833478747  -20.573616770
    2.960121740   50.775932271  -18.932217467
    2.963655622   50.742774594   -4.017973219
    2.967189503   50.772215523   10.836616592
    2.970723384   50.840026710   16.842076913
    2.974257265   50.906526450   12.905642294
    2.977791147   50.949994916    5.089305034
    2.981325028   50.973565548    1.156928837
    2.984858909   50.991427129   -0.157799120
    2.988392790   50.999520183   -4.864855642
    2.991926672   50.975142579  -15.276207411
    2.995460553   50.914939502  -25.405621966
    2.998994434   50.839261988  -23.045843500
    3.002528315   50.791282789  -10.256897679
    3.006062197   50.788759847   -0.350678079
    3.009596078   50.804692903   -2.095409158
    3.013129959   50.797561062   -8.144337164
    3.016663840   50.779258716   -5.680297217
    3.020197722   50.793071287    6.448215988
    3.023731603   50.849185159   16.252905112
    3.027265484   50.906747395    6.605032862
    3.030799365   50.907199427  -16.969487334
    3.034333247   50.831863779  -29.016114682
    3.037867128   50.755455821  -17.397220269
    3.041401009   50.751956750    8.840695150
    3.044934891   50.829457959   20.641338592
    3.048468772   50.892719282    3.559279399
    3.052002653   50.853280797  -33.261705154
    3.055536534   50.701564068  -55.575622585
    3.059070416   50.531549110  -41.252803419
    3.062604297   50.469563029   -1.912553226
    3.066138178   50.542543471   30.294250908
    3.069672059   50.671367589   31.036414030
    3.073205941   50.753831288    6.041434796
    3.076739822   50.746186483  -14.668853028
    3.080273703   50.703812473  -11.770327982
    3.083807584   50.708803039    7.025633682
    3.087341466   50.778404943   22.753569727
    3.090875347   50.872816342   22.476743883
    3.094409228   50.943709870    8.426748559
    3.097943109   50.963021146   -5.360329818
    3.101476991   50.942065939  -11.204813434
    3.105010872   50.912306191  -14.366962509
    3.108544753   50.867795396  -19.878876189
    3.112078635   50.794612967  -27.596403345
    3.115612516   50.702151872  -30.213294638
    3.119146397   50.622393245  -20.621563675
    3.122680278   50.599366976    0.753907796
    3.126214160   50.651290179   20.714717436
    3.129748041   50.758004659   29.683876128
    3.133281922   50.878957594   30.692930326
    3.136815803   50.998770459   31.415145998
    3.140349685   51.123258774   30.423115013
    3.143883566   51.233267955   21.072065672
    3.147417447   51.285976270    0.158939607
    3.150951328   51.258064484  -22.683805115
    3.154485210   51.167464045  -32.592108292
    3.158019091   51.066973803  -31.803275175
    3.161552972   50.972363699  -30.108549640
    3.165086853   50.874365485  -31.611862625
    3.168620735   50.784028119  -24.475322561
    3.172154616   50.752400940    1.351486729
    3.175688497   50.825740245   31.684026391
    3.179222378   50.971467665   39.274905088
    3.182756260   51.095216143   18.552510585
    3.186290141   51.133970515   -0.786199243
    3.189824022   51.137711894    0.053780431
    3.193357904   51.175611531   12.928376455
    3.196891785   51.240136563   12.248581711
    3.200425666   51.256045019  -16.277877941
    3.203959547   51.153726901  -46.000121917
    3.207493429   50.983865882  -51.775982248
    3.211027310   50.851598395  -27.523191281
    3.214561191   50.821546053   -1.411472891
    3.218095072   50.845765339    3.255364025
    3.221628954   50.845114150  -12.400841483
    3.225162835   50.787159043  -23.038137578
    3.228696716   50.731676016  -13.007200774
    3.232230597   50.739266560    9.309824460
    3.235764479   50.810415126   19.119383582
    3.239298360   50.873610571    5.100274272
    3.242832241   50.863557857  -18.486635893
    3.246366122   50.787424594  -26.842633570
    3.249900004   50.725604954  -13.713594384
    3.253433885   50.728549534    4.685211824
    3.256967766   50.768230066    7.653252874
    3.260501647   50.783464405   -6.391155478
    3.264035529   50.758029700  -13.499910774
    3.267569410   50.751843509    6.206075889
    3.271103291   50.843346721   36.874945965
    3.274637173   51.012779554   45.790882121
    3.278171054   51.151286366   20.941154047
    3.281704935   51.174182745  -14.047236311
    3.285238816   51.104784805  -25.390471489
    3.288772698   51.053872629   -7.636642245
    3.292306579   51.087218096   14.981792727
    3.295840460   51.165735216   17.242711312
    3.299374341   51.206933452   -3.426191167
    3.302908223   51.169301705  -21.720480823
    3.306442104   51.106159186  -17.958332578
    3.309975985   51.097524096    7.002896417
    3.313509866   51.180970174   30.930034350
    3.317043748   51.316663338   34.212357265
    3.320577629   51.424739588   17.713443359
    3.324111510   51.459827723   -4.193451681
    3.327645391   51.435409857  -14.761439656
    3.331179273   51.410017572   -3.894079572
    3.334713154   51.450397681   20.197144675
    3.338247035   51.573208989   39.208301015
    3.341780917   51.727365496   37.089789971
    3.345314798   51.834743796   12.524358829
    3.348848679   51.842169005  -15.298309023
    3.352382560   51.779443925  -22.686690139
    3.355916442   51.734326591   -6.800315075
    3.359450323   51.768037366   17.338758791
    3.362984204   51.868661391   29.179906115
    3.366518085   51.979065778   21.555023025
    3.370051967   52.042339148    7.663291207
    3.373585848   52.064807820    0.051482773
    3.377119729   52.083150173    3.266734419
    3.380653610   52.121379367    8.547377855
    3.384187492   52.168384161   10.585603186
    3.387721373   52.215469436   10.424446885
    3.391255254   52.272897063   16.800068186
    3.394789135   52.368386374   28.435588465
    3.398323017   52.493279053   32.406844965
    3.401856898   52.601202095   18.432581949
    3.405390779   52.643177115   -1.826469392
    3.408924660   52.626845988  -12.730233968
    3.412458542   52.600361807   -7.294533870
    3.415992423   52.608597071    4.790198385
    3.419526304   52.656872586   12.281347441
    3.423060186   52.721587210   16.437533395
    3.426594067   52.798265489   20.692387954
    3.430127948   52.883587716   17.377626725
    3.433661829   52.940569753    5.906536042
    3.437195711   52.948604524   -9.136824131
    3.440729592   52.919000286  -13.792652162
    3.444263473   52.901359633   -0.702799004
    3.447797354   52.946560228   18.782541532
    3.451331236   53.048754907   28.027728261
    3.454865117   53.154791065   22.139610210
    3.458398998   53.224902324   10.045166188
    3.461932879   53.254614288    1.053960934
    3.465466761   53.266534633   -0.781335088
    3.469000642   53.280593696    1.252122890
    3.472534523   53.302234882    4.131605352
    3.476068404   53.338771615   10.637422565
    3.479602286   53.408158913   20.527584784
    3.483136167   53.512989107   31.117278658
    3.486670048   53.649627981   38.302739882
    3.490203929   53.802595632   38.672029722
    3.493737811   53.948755743   36.291828415
    3.497271692   54.083967385   33.721502386
    3.500805573   54.213051537   32.894195336
    3.504339455   54.347167683   34.492055286
    3.507873336   54.486946400   36.584122010
    3.511407217   54.622359065   32.186118111
    3.514941098   54.731063509   21.235942281
    3.518474980   54.803440352   13.252604634
    3.522008861   54.864663743   15.767162676
    3.525542742   54.951933410   25.410587242
    3.529076623   55.065566682   30.812502846
    3.532610505   55.177916937   24.729747485
    3.536144386   55.263076506   15.127422283
    3.539678267   55.325901549   15.126706556
    3.543212148   55.402286673   20.231136154
    3.546746030   55.493300267   21.622309179
    3.550279911   55.576143483   17.323455102
    3.553813792   55.640263960   11.764311991
    3.557347673   55.695328300   14.700759790
    3.560881555   55.779245240   27.819484301
    3.564415436   55.926392839   46.960779635
    3.567949317   56.150603741   72.866697777
    3.571483199   56.464787883   96.261784551
    3.575017080   56.838153732  104.973264584
    3.578550961   57.201205844   89.209365085
    3.582084842   57.479596609   58.638438146
    3.585618724   57.661290480   42.198493410
    3.589152605   57.835441332   53.833104141
    3.592686486   58.090425588   84.478347751
    3.596220367   58.445603746  104.568229842
    3.599754249   58.827077462   99.503438184
    3.603288130   59.161350149   82.313534838
    3.606822011   59.453719698   80.323575679
    3.610355892   59.784232124  101.802150037
    3.613889774   60.210754522  131.932161717
    3.617423655   60.730641117  151.195123699
    3.620957536   61.292927128  159.095377272
    3.624491417   61.876706583  165.873177018
    3.628025299   62.499705128  180.498762708
    3.631559180   63.180546717  196.648260175
    3.635093061   63.898396932  199.411634857
    3.638626942   64.592218550  181.826985698
    3.642160824   65.198185352  154.148225974
    3.645694705   65.715622218  134.033533439
    3.649228586   66.193532641  131.129058805
    3.652762468   66.680843429  137.260137598
    3.656296349   67.175249881  131.933509999
    3.659830230   67.616750115  109.181464840
    3.663364111   67.971893814   87.388801330
    3.666897993   68.289989153   90.734944633
    3.670431874   68.666649512  119.070525361
    3.673965755   69.148502154  142.441210353
    3.677499636   69.658539178  132.641648844
    3.681033518   70.068604576   88.341638603
    3.684567399   70.304747960   40.132275634
    3.688101280   70.409094590   16.057164447
    3.691635161   70.481464611   22.663517488
    3.695169043   70.608501714   42.895938226
    3.698702924   70.807299549   60.326974740
    3.702236805   71.047962955   68.107428400
    3.705770686   71.297156498   63.085734433
    3.709304568   71.509938878   50.226047842
    3.712838449   71.678336571   40.019104297
    3.716372330   71.839965917   47.190548782
    3.719906212   72.065202526   76.570207652
    3.723440093   72.407130337  108.625488400
    3.726973974   72.829898356  118.392247170
    3.730507855   73.231308392   95.435981181
    3.734041737   73.514036292   57.946361459
    3.737575618   73.678168873   33.166060795
    3.741109499   73.801080591   33.123001344
    3.744643380   73.968336072   55.741095134
    3.748177262   74.232230827   87.834316521
    3.751711143   74.610532715  118.615550780
    3.755245024   75.077792912  134.631992133
    3.758778905   75.548666175  117.467946543
    3.762312787   75.881404585   60.033545586
    3.765846668   75.989422569   -1.388170752
    3.769380549   75.971833055   -1.191612797
    3.772914430   76.141212026  106.157506446
    3.776448312   76.819341505  268.670055910
    3.779982193   77.953653801  332.043889863
    3.783516074   78.897860579  145.009365700
    3.787049955   78.724638014 -271.216971649
    3.790583837   77.087427599 -611.750409202
    3.794117718   75.105813012 -383.803288374
    3.797651599   75.519302382  772.007332570
    3.801185481   81.593865076 2755.838578241
    3.804719362   95.286699197 4949.815800112
    3.808253243  115.873367170 6529.991406519
    3.811787124  140.061509503 6938.449092786
    3.815321006  163.535723922 6170.710901233
    3.818854887  182.866287037 4694.842778168
    3.822388768  196.631541371 3113.020626629
    3.825922649  205.292946712 1855.103926513
    3.829456531  210.316575571 1053.792898015
    3.832990412  213.215170865  631.392824013
    3.836524293  215.068517294  437.632651107
    3.840058174  216.466268566  354.861370013
    3.843592056  217.679506311  321.281298058
    3.847125937  218.813659329  315.203768087
    3.850659818  219.934927239  315.035439334
    3.854193699  221.054851140  314.552237835
    3.857727581  222.168966695  314.122723517
    3.861261462  223.281188246  312.678724371
    3.864795343  224.386336774  310.294187042
    3.868329224  225.490901886  312.956854009
    3.871863106  226.636478387  337.444053094
    3.875396987  227.920417811  391.485543248
    3.878930868  229.427191156  457.317858156
    3.882464750  231.129354331  494.719784760
    3.885998631  232.857938074  470.436722532
    3.889532512  234.402171214  396.068591363
    3.893066393  235.671547002  325.101735621
    3.896600275  236.779266151  311.684864472
    3.900134156  237.971489526  371.510038018
    3.903668037  239.464675852  472.787634112
    3.907201918  241.316217090  568.210015882
    3.910735800  243.431136184  618.443971889
    3.914269681  245.628143600  615.124369777
    3.917803562  247.751822735  582.189359343
    3.921337443  249.757445137  554.586155007
    3.924871325  251.719089608  558.807144938
    3.928405206  253.755588124  597.174944784
    3.931939087  255.953448286  643.085966784
    3.935472968  258.276125265  660.672843771
    3.939006850  260.567989691  623.347826455
    3.942540731  262.623902446  532.067788163
    3.946074612  264.307439345  419.103002440
    3.949608494  265.635834622  339.724183017
    3.953142375  266.810407530  338.624788366
    3.956676256  268.136523300  423.497869774
    3.960210137  269.875769469  563.075111410
    3.963744019  272.125915154  704.930339811
    3.967277900  274.799831270  793.397270435
    3.970811781  277.642311232  798.737147504
    3.974345662  280.346082484  717.081693047
    3.977879544  282.645220774  575.728236361
    3.981413425  284.404848447  421.763972976
    3.984947306  285.662163388  296.732123046
    3.988481187  286.564415412  221.760790846
    3.992015069  287.280953318  187.836890460
    3.995548950  287.914697109  170.521323986
    3.999082831  288.484471439  148.452626222
    4.002616712  288.956359013  116.388238770
    4.006150594  289.302978451   79.740807649
    4.009684475  289.526966670   46.506515906
    4.013218356  289.648855234   24.075667383
    4.016752237  289.708014470   10.776205375
    4.020286119  289.732937884    4.190705704
    4.023820000  289.742088389    1.420639405
