#! FIELDS time d1 tor
#! SET min_tor -pi
#! SET max_tor pi
 0.000000 0.391878 2.713082
 1.000000 0.485081 2.312761
 2.000000 0.472399 2.534942
 3.000000 0.526858 2.048917
 4.000000 0.486757 2.527521
 5.000000 0.509505 2.390308
 6.000000 0.633874 2.546468
 7.000000 0.576545 2.474841
 8.000000 0.532954 2.475387
 9.000000 0.640032 2.396446
 10.000000 0.621434 2.215427
 11.000000 0.761729 2.003363
 12.000000 0.746204 1.823768
 13.000000 0.704231 2.249946
 14.000000 0.774985 2.018223
 15.000000 0.641109 2.374310
 16.000000 0.742709 2.170494
 17.000000 0.867219 1.703395
 18.000000 0.872038 1.577809
 19.000000 0.799209 1.725786
 20.000000 0.915627 1.802747
 21.000000 0.895374 1.644752
 22.000000 0.851834 1.927155
 23.000000 0.799195 2.060928
 24.000000 0.934710 1.567014
 25.000000 0.935286 1.841719
 26.000000 0.745424 1.951899
 27.000000 0.927711 1.467912
 28.000000 0.780877 2.077998
 29.000000 0.869531 1.910714
 30.000000 0.724956 1.705969
 31.000000 0.721761 2.043400
 32.000000 0.810132 1.734422
 33.000000 0.857911 1.865727
 34.000000 0.728764 1.920566
 35.000000 0.754957 1.921907
 36.000000 0.815576 1.949708
 37.000000 0.741493 1.906708
 38.000000 0.684155 2.340427
 39.000000 0.836377 1.840765
 40.000000 0.764830 1.872706
 41.000000 0.702344 2.017967
 42.000000 0.754745 2.005821
 43.000000 0.738217 2.429234
 44.000000 0.862230 1.852691
 45.000000 0.720137 2.334647
 46.000000 0.633610 2.568037
 47.000000 0.663343 2.224187
 48.000000 0.610119 2.213774
 49.000000 0.614423 2.363277
 50.000000 0.635465 2.358803
 51.000000 0.603407 2.362204
 52.000000 0.727935 2.158677
 53.000000 0.860296 1.472072
 54.000000 0.810062 1.816437
 55.000000 0.817375 2.167413
 56.000000 0.749733 1.631446
 57.000000 0.699933 2.186696
 58.000000 0.675437 2.339492
 59.000000 0.771495 2.046505
 60.000000 0.713958 2.121849
 61.000000 0.745391 1.992267
 62.000000 0.693054 2.117657
 63.000000 0.843960 1.732567
 64.000000 0.982993 1.730685
 65.000000 0.873856 1.401886
 66.000000 0.842518 1.941348
 67.000000 0.818513 1.804020
 68.000000 0.855070 1.828092
 69.000000 0.735731 1.931299
 70.000000 0.708793 2.347585
 71.000000 0.700834 1.900292
 72.000000 0.747523 2.082408
 73.000000 0.815083 1.926451
 74.000000 0.902774 1.919800
 75.000000 0.726094 2.275368
 76.000000 0.694404 2.137756
 77.000000 0.759608 1.966052
 78.000000 0.811345 1.930120
 79.000000 0.787226 1.848342
 80.000000 0.831207 2.226594
 81.000000 0.830048 2.039031
 82.000000 0.874787 1.696333
 83.000000 0.871169 1.835001
 84.000000 0.873998 2.001873
 85.000000 0.747910 2.282983
 86.000000 0.781860 2.062337
 87.000000 0.895397 1.730292
 88.000000 0.955407 1.661833
 89.000000 0.832061 1.832480
 90.000000 0.783780 1.809376
 91.000000 0.865115 1.903407
 92.000000 0.825671 1.912173
 93.000000 0.817807 1.991796
 94.000000 0.858357 1.702108
 95.000000 0.802032 1.859446
 96.000000 0.879596 1.839159
 97.000000 0.803642 1.972361
 98.000000 0.856219 1.947368
 99.000000 0.828550 1.843611
 100.000000 0.805812 1.889720
 101.000000 0.848654 1.899311
 102.000000 0.843168 1.854638
 103.000000 0.916918 1.715191
 104.000000 0.898969 1.731003
 105.000000 0.811709 2.031629
 106.000000 0.801284 2.048012
 107.000000 0.713330 2.143839
 108.000000 0.795660 1.709840
 109.000000 0.874771 1.781743
 110.000000 0.854215 1.703059
 111.000000 0.803811 1.939721
 112.000000 0.785870 2.102903
 113.000000 0.737342 2.134349
 114.000000 0.834863 1.997644
 115.000000 0.781634 1.969012
 116.000000 0.865820 1.913798
 117.000000 0.787455 2.102786
 118.000000 0.809180 1.881728
 119.000000 0.767255 1.960433
 120.000000 0.800692 1.826659
 121.000000 0.819000 1.787238
 122.000000 0.833801 1.899306
 123.000000 0.730668 2.310975
 124.000000 0.779687 1.951542
 125.000000 0.957019 1.505249
 126.000000 0.855853 1.795947
 127.000000 0.839167 1.801032
 128.000000 0.822438 1.994534
 129.000000 0.821749 1.758964
 130.000000 0.857032 1.675371
 131.000000 0.796146 1.977899
 132.000000 0.814792 1.750010
 133.000000 0.764265 2.298998
 134.000000 0.781049 1.917040
 135.000000 0.818420 1.911696
 136.000000 0.783403 1.922046
 137.000000 0.787353 2.058137
 138.000000 0.787068 2.052650
 139.000000 0.775146 1.945610
 140.000000 0.793407 1.568156
 141.000000 0.835600 1.886173
 142.000000 0.734442 2.018604
 143.000000 0.852784 1.628104
 144.000000 0.766144 1.682482
 145.000000 0.797380 1.886552
 146.000000 0.762701 1.833944
 147.000000 0.850527 1.698559
 148.000000 0.781204 1.949691
 149.000000 0.759616 2.024207
 150.000000 0.732405 2.008565
 151.000000 0.840840 1.939547
 152.000000 0.857345 1.609533
 153.000000 0.857517 1.725084
 154.000000 0.790375 2.058886
 155.000000 0.759213 2.252535
 156.000000 0.740815 2.167100
 157.000000 0.830551 1.766821
 158.000000 0.800242 1.986419
 159.000000 0.808985 1.633343
 160.000000 0.805446 1.783056
 161.000000 0.705799 2.208033
 162.000000 0.802200 1.742817
 163.000000 0.760223 1.904320
 164.000000 0.767390 1.877442
 165.000000 0.764094 2.285728
 166.000000 0.794952 2.185884
 167.000000 0.828564 1.963196
 168.000000 0.769116 2.182671
 169.000000 0.754682 2.071891
 170.000000 0.740534 2.336324
 171.000000 0.800385 1.960344
 172.000000 0.860849 1.898107
 173.000000 0.846409 2.081703
 174.000000 0.739305 2.390245
 175.000000 0.808885 2.055443
 176.000000 0.790931 2.080269
 177.000000 0.730351 2.037270
 178.000000 0.737092 1.893829
 179.000000 0.749044 1.931346
 180.000000 0.783347 2.052197
 181.000000 0.773860 1.828859
 182.000000 0.802259 1.911087
 183.000000 0.796300 1.816039
 184.000000 0.792813 1.984815
 185.000000 0.763815 1.790288
 186.000000 0.828558 1.929633
 187.000000 0.831656 1.764236
 188.000000 0.734340 2.483227
 189.000000 0.662846 2.206707
 190.000000 0.703620 2.129298
 191.000000 0.616487 2.368310
 192.000000 0.690849 2.424396
 193.000000 0.703765 2.306332
 194.000000 0.711700 2.182317
 195.000000 0.787465 1.830821
 196.000000 0.783171 2.185208
 197.000000 0.734436 2.102690
 198.000000 0.702803 2.248748
 199.000000 0.677747 2.188675
 200.000000 0.849127 1.866178
 201.000000 0.728242 1.995411
 202.000000 0.798874 2.213451
 203.000000 0.631420 2.335439
 204.000000 0.697854 2.121240
 205.000000 0.638251 2.266979
 206.000000 0.637681 2.214369
 207.000000 0.787416 2.185872
 208.000000 0.732683 2.030554
 209.000000 0.802999 2.076608
 210.000000 0.743371 2.068913
 211.000000 0.635226 2.291705
 212.000000 0.697860 2.243112
 213.000000 0.636459 2.437880
 214.000000 0.682073 2.178159
 215.000000 0.651442 2.271209
 216.000000 0.749317 2.416615
 217.000000 0.641866 2.261603
 218.000000 0.689572 2.172476
 219.000000 0.768716 2.266751
 220.000000 0.772740 2.053195
 221.000000 0.755127 2.244211
 222.000000 0.762546 1.924660
 223.000000 0.617861 2.435207
 224.000000 0.636874 2.084634
 225.000000 0.676976 2.141474
 226.000000 0.660327 2.286134
 227.000000 0.669367 2.279235
 228.000000 0.666708 2.325070
 229.000000 0.802887 2.050308
 230.000000 0.693389 2.170685
 231.000000 0.697450 2.278567
 232.000000 0.633596 2.222466
 233.000000 0.694763 2.222861
 234.000000 0.737858 2.356776
 235.000000 0.677646 2.310640
 236.000000 0.740510 2.135561
 237.000000 0.627258 2.299894
 238.000000 0.751986 2.214582
 239.000000 0.656030 2.188538
 240.000000 0.806940 1.763361
 241.000000 0.824956 1.926487
 242.000000 0.770478 1.844096
 243.000000 0.810287 1.737942
 244.000000 0.708571 2.286706
 245.000000 0.635021 2.182832
 246.000000 0.776737 2.019655
 247.000000 0.635931 2.260489
 248.000000 0.649011 2.452523
 249.000000 0.695738 2.250581
 250.000000 0.657102 2.253782
 251.000000 0.925324 1.701477
 252.000000 0.934021 1.653926
 253.000000 0.884853 1.528769
 254.000000 0.905822 1.631152
 255.000000 0.830465 1.942194
 256.000000 0.686283 2.233063
 257.000000 0.701521 2.154588
 258.000000 0.817613 1.888320
 259.000000 0.926797 1.733584
 260.000000 0.708658 2.051955
 261.000000 0.669872 2.026196
 262.000000 0.767368 2.272349
 263.000000 0.751676 2.039857
 264.000000 0.738696 2.250032
 265.000000 0.676376 2.607290
 266.000000 0.732456 2.211705
 267.000000 0.765000 2.165945
 268.000000 0.722070 2.269221
 269.000000 0.711668 2.306420
 270.000000 0.657636 2.365609
 271.000000 0.749330 2.426671
 272.000000 0.769685 2.337670
 273.000000 0.821496 1.821147
 274.000000 0.801102 2.136682
 275.000000 0.872399 1.834311
 276.000000 0.821460 2.060225
 277.000000 0.740823 2.053419
 278.000000 0.831057 2.221547
 279.000000 0.723491 2.089190
 280.000000 0.735440 2.398832
 281.000000 0.699900 2.311646
 282.000000 0.944424 1.717021
 283.000000 0.717242 2.235685
 284.000000 0.709259 2.193808
 285.000000 0.781776 1.961368
 286.000000 0.750445 1.971681
 287.000000 0.808456 2.191365
 288.000000 0.844097 1.848680
 289.000000 0.785185 2.029036
 290.000000 0.764277 2.020607
 291.000000 0.776868 2.138820
 292.000000 0.823682 1.980144
 293.000000 0.934480 1.689217
 294.000000 0.783444 2.105923
 295.000000 0.667572 2.097051
 296.000000 0.807440 1.885122
 297.000000 0.733062 2.238530
 298.000000 0.757813 2.106379
 299.000000 0.921242 1.639036
 300.000000 0.730758 2.253060
 301.000000 0.746643 2.221827
 302.000000 0.661277 2.356198
 303.000000 0.904474 1.788970
 304.000000 0.868495 1.795702
 305.000000 0.761435 2.180429
 306.000000 0.802974 1.982596
 307.000000 0.913748 1.450998
 308.000000 0.811032 2.049709
 309.000000 0.711497 2.324944
 310.000000 0.841564 2.145712
 311.000000 0.819017 1.986635
 312.000000 0.708118 1.930639
 313.000000 0.773321 2.209713
 314.000000 0.668737 2.158373
 315.000000 0.740824 2.262269
 316.000000 0.702322 2.318106
 317.000000 0.759670 2.361508
 318.000000 0.799129 2.014086
 319.000000 0.723350 2.316129
 320.000000 0.682117 2.272276
 321.000000 0.771536 2.162805
 322.000000 0.733174 2.300151
 323.000000 0.684506 2.101543
 324.000000 0.731620 2.025353
 325.000000 0.690198 2.028294
 326.000000 0.716958 2.321299
 327.000000 0.651229 2.483308
 328.000000 0.725653 2.216818
 329.000000 0.689397 2.270769
 330.000000 0.717267 2.260734
 331.000000 0.693331 2.316336
 332.000000 0.761139 2.226159
 333.000000 0.645743 2.182251
 334.000000 0.736964 2.232287
 335.000000 0.839797 1.825982
 336.000000 0.922783 1.763383
 337.000000 0.833533 1.747714
 338.000000 0.858476 1.754120
 339.000000 0.884090 1.893325
 340.000000 0.781174 1.793242
 341.000000 0.683786 2.317766
 342.000000 0.725217 2.301068
 343.000000 0.629822 2.142450
 344.000000 0.670525 2.261664
 345.000000 0.749213 1.920990
 346.000000 0.710749 2.098655
 347.000000 0.860079 1.961472
 348.000000 0.863122 1.643809
 349.000000 0.888507 1.814674
 350.000000 0.859558 1.696901
 351.000000 0.914448 1.530680
 352.000000 0.811355 2.023463
 353.000000 0.923517 1.499406
 354.000000 0.886963 1.881686
 355.000000 0.912638 1.625623
 356.000000 0.898570 1.419648
 357.000000 0.731954 2.274674
 358.000000 0.891018 1.793497
 359.000000 0.884646 1.842226
 360.000000 0.811964 1.531099
 361.000000 0.905050 1.601943
 362.000000 0.985030 0.722764
 363.000000 1.059058 0.149441
 364.000000 1.128630 0.324212
 365.000000 1.158278 0.225710
 366.000000 1.214496 0.210506
 367.000000 1.081749 0.166341
 368.000000 1.293012 0.092654
 369.000000 1.215585 -0.002401
 370.000000 1.248478 0.110537
 371.000000 1.162229 -0.017667
 372.000000 1.129108 0.065193
 373.000000 1.277938 -0.444277
 374.000000 1.258591 -0.123549
 375.000000 1.121696 -0.213137
 376.000000 1.200738 -0.161091
 377.000000 1.253133 -0.095580
 378.000000 1.148866 -0.012181
 379.000000 1.146148 0.055886
 380.000000 1.202441 0.021606
 381.000000 1.226995 0.197653
 382.000000 1.152129 0.169738
 383.000000 1.153273 0.024729
 384.000000 1.184076 0.183611
 385.000000 1.170370 0.338977
 386.000000 1.158741 0.225185
 387.000000 1.282460 0.307327
 388.000000 1.139546 0.132313
 389.000000 1.191001 0.335242
 390.000000 1.242387 0.527134
 391.000000 1.212591 0.293722
 392.000000 1.193798 0.088430
 393.000000 1.113239 0.170067
 394.000000 1.178308 0.087263
 395.000000 1.103358 0.254589
 396.000000 1.052008 -0.079817
 397.000000 1.125661 -0.016438
 398.000000 1.302028 0.005616
 399.000000 1.225511 0.253227
 400.000000 1.138845 -0.132592
 401.000000 1.212603 -0.148585
 402.000000 1.267406 -0.135054
 403.000000 1.285482 -0.250636
 404.000000 1.185663 0.099970
 405.000000 1.166333 0.268142
 406.000000 1.246809 -0.057349
 407.000000 1.146004 -0.081990
 408.000000 1.230190 -0.114618
 409.000000 1.277738 -0.388981
 410.000000 1.209590 -0.092203
 411.000000 1.278590 0.095659
 412.000000 1.127584 0.027963
 413.000000 1.105944 0.031443
 414.000000 1.079072 0.135015
 415.000000 1.099958 -0.347927
 416.000000 1.053165 -0.251105
 417.000000 0.992897 -0.072587
 418.000000 1.033801 -0.236889
 419.000000 1.093700 -0.131306
 420.000000 1.035112 0.402236
 421.000000 1.129922 0.041716
 422.000000 1.118852 -0.160411
 423.000000 1.075177 -0.228440
 424.000000 1.192859 -0.099088
 425.000000 1.033027 0.150434
 426.000000 1.066291 0.105554
 427.000000 1.070108 -0.074793
 428.000000 1.238517 -0.020815
 429.000000 1.265123 0.010193
 430.000000 1.309781 -0.226537
 431.000000 1.284564 0.084641
 432.000000 1.254116 0.082805
 433.000000 1.215671 0.114178
 434.000000 1.122468 0.059324
 435.000000 1.251663 -0.050286
 436.000000 1.208352 -0.074756
 437.000000 1.261132 0.038923
 438.000000 1.218717 0.040604
 439.000000 1.314883 -0.430952
 440.000000 1.342787 -0.275570
 441.000000 1.263963 -0.225435
 442.000000 1.144395 0.019911
 443.000000 1.153963 0.227883
 444.000000 1.169742 -0.122094
 445.000000 1.281731 -0.030491
 446.000000 1.126073 0.052112
 447.000000 1.218835 0.137218
 448.000000 1.206187 -0.004331
 449.000000 1.134643 0.008070
 450.000000 1.367937 -0.161061
 451.000000 1.307684 0.025822
 452.000000 1.172309 0.074494
 453.000000 1.141586 0.042501
 454.000000 1.204405 -0.135437
 455.000000 1.366878 -0.422874
 456.000000 1.319861 -0.285292
 457.000000 1.333444 -0.037523
 458.000000 1.216224 -0.120805
 459.000000 1.234156 0.012023
 460.000000 1.215148 0.134315
 461.000000 1.164364 0.321123
 462.000000 1.380563 0.130775
 463.000000 1.217672 -0.103469
 464.000000 1.210086 0.269524
 465.000000 1.343007 0.040209
 466.000000 1.246128 0.041661
 467.000000 1.227533 0.002953
 468.000000 1.343967 -0.104034
 469.000000 1.382326 -0.543021
 470.000000 1.360443 -0.773227
 471.000000 1.318390 -0.094806
 472.000000 1.299769 -0.197071
 473.000000 1.291167 0.080554
 474.000000 1.288840 -0.146617
 475.000000 1.302155 0.009122
 476.000000 1.191357 0.086669
 477.000000 1.313551 -0.450310
 478.000000 1.211721 -0.082748
 479.000000 1.094573 0.374294
 480.000000 1.230911 -0.123766
 481.000000 1.067339 0.418566
 482.000000 1.197365 -0.088522
 483.000000 1.116860 0.154725
 484.000000 1.106680 0.233917
 485.000000 1.240453 -0.584802
 486.000000 1.226380 -0.717396
 487.000000 1.125434 -0.486711
 488.000000 1.267824 -0.309853
 489.000000 1.332574 0.049503
 490.000000 1.210090 0.160613
 491.000000 1.144385 0.093848
 492.000000 1.211064 -0.100328
 493.000000 1.343557 -0.376646
 494.000000 1.365455 -0.227750
 495.000000 1.337134 -0.202661
 496.000000 1.358359 -0.188969
 497.000000 1.352601 -0.019148
 498.000000 1.373723 -0.869667
 499.000000 1.252800 -0.161529
 500.000000 1.258723 -0.251654
 501.000000 1.126310 -0.063030
 502.000000 1.141032 0.006913
 503.000000 1.148311 0.044063
 504.000000 1.152295 0.097484
 505.000000 1.219293 -0.091053
 506.000000 1.177418 0.092956
 507.000000 1.127330 -0.115444
 508.000000 1.089429 0.094360
 509.000000 1.188796 0.071447
 510.000000 1.144881 -0.011264
 511.000000 1.228297 -0.062526
 512.000000 1.089552 0.074800
 513.000000 1.198727 0.043941
 514.000000 1.278244 -0.073595
 515.000000 1.371303 -0.593555
 516.000000 1.379038 -1.187088
 517.000000 1.294068 -0.781163
 518.000000 1.337218 -0.660481
 519.000000 1.310208 -0.319037
 520.000000 1.233555 -0.099554
 521.000000 1.136313 -0.171776
 522.000000 1.160712 0.096692
 523.000000 1.244000 0.064460
 524.000000 1.130510 -0.140556
 525.000000 1.130304 -0.051223
 526.000000 1.200802 -0.004866
 527.000000 1.127722 -0.054871
 528.000000 1.157786 0.031718
 529.000000 1.238313 -0.306412
 530.000000 1.256716 -0.110285
 531.000000 1.125922 -0.053967
 532.000000 1.247163 -0.027447
 533.000000 1.205153 -0.240554
 534.000000 1.104994 0.070301
 535.000000 1.101713 -0.161992
 536.000000 1.232458 -0.206769
 537.000000 1.093184 -0.153222
 538.000000 1.087614 0.231788
 539.000000 1.114231 -0.054618
 540.000000 1.129093 -0.167035
 541.000000 1.134833 -0.003488
 542.000000 1.094541 -0.053957
 543.000000 1.097956 0.166562
 544.000000 1.159257 -0.121729
 545.000000 1.184164 0.028746
 546.000000 1.096806 0.016947
 547.000000 1.082378 0.064979
 548.000000 1.206292 -0.026334
 549.000000 1.057894 0.003585
 550.000000 1.205091 0.130621
 551.000000 1.178379 -0.051694
 552.000000 1.159194 -0.053455
 553.000000 1.114215 -0.133687
 554.000000 1.179358 0.157265
 555.000000 1.135581 0.141070
 556.000000 1.240229 -0.219178
 557.000000 1.257676 -0.153338
 558.000000 1.236022 0.210424
 559.000000 1.172161 0.081160
 560.000000 1.241274 -0.287348
 561.000000 1.344833 -0.206264
 562.000000 1.311384 -0.128882
 563.000000 1.273446 -0.041959
 564.000000 1.268166 -0.251224
 565.000000 1.183531 0.038302
 566.000000 1.072572 0.210080
 567.000000 1.059815 0.359777
 568.000000 1.084760 0.000644
 569.000000 1.094605 0.055522
 570.000000 1.174484 -0.108520
 571.000000 1.035153 -0.020436
 572.000000 1.073227 0.167691
 573.000000 1.175408 -0.005605
 574.000000 1.221389 -0.197146
 575.000000 1.184077 -0.029455
 576.000000 1.119961 -0.034097
 577.000000 1.212373 -0.132122
 578.000000 1.161035 -0.030358
 579.000000 1.122192 -0.004693
 580.000000 1.148414 -0.038666
 581.000000 1.129654 0.044589
 582.000000 1.209131 0.007645
 583.000000 1.258287 -0.095212
 584.000000 1.241543 -0.031226
 585.000000 1.195331 0.290583
 586.000000 1.147037 0.170374
 587.000000 1.194033 -0.105537
 588.000000 1.244993 -0.292594
 589.000000 1.287941 -0.226319
 590.000000 1.319675 -0.570829
 591.000000 1.338166 -0.096013
 592.000000 1.273405 -0.114958
 593.000000 1.245142 0.106800
 594.000000 1.173537 0.012999
 595.000000 1.165553 -0.033350
 596.000000 1.261799 -0.280370
 597.000000 1.316969 -0.478860
 598.000000 1.250136 -0.244002
 599.000000 1.345774 -0.359543
 600.000000 1.162686 -0.118122
 601.000000 1.118286 0.048329
 602.000000 1.086219 -0.003792
 603.000000 1.177912 -0.028924
 604.000000 1.128628 -0.166319
 605.000000 1.122630 0.143017
 606.000000 1.086710 0.084044
 607.000000 1.045656 0.410233
 608.000000 0.937070 0.392129
 609.000000 1.039479 0.233664
 610.000000 1.033033 0.227188
 611.000000 0.994010 0.308415
 612.000000 1.014158 0.004899
 613.000000 1.065024 0.173313
 614.000000 1.005354 0.219037
 615.000000 1.008789 0.637038
 616.000000 0.963414 0.490391
 617.000000 1.025735 0.301687
 618.000000 1.105588 0.035130
 619.000000 1.104801 -0.169940
 620.000000 1.160905 0.054214
 621.000000 0.999318 -0.249012
 622.000000 0.981324 -0.224935
 623.000000 0.919683 0.135350
 624.000000 1.073478 0.004067
 625.000000 1.066780 0.193268
 626.000000 0.975880 -0.040737
 627.000000 0.925646 -0.178353
 628.000000 0.910572 -0.294028
 629.000000 0.932328 -0.241657
 630.000000 0.972259 -0.445402
 631.000000 0.969728 -0.431517
 632.000000 0.901844 -0.305995
 633.000000 0.931463 -0.188639
 634.000000 0.914947 -0.379825
 635.000000 0.941701 -0.184578
 636.000000 0.942851 -0.304105
 637.000000 0.934626 -0.333079
 638.000000 0.967936 -0.294944
 639.000000 0.982252 -0.274848
 640.000000 0.897976 -0.383448
 641.000000 0.939051 -0.249069
 642.000000 0.963828 -0.377243
 643.000000 0.929589 -0.548257
 644.000000 0.929029 -0.951664
 645.000000 0.912310 -1.053117
 646.000000 0.889267 -1.204289
 647.000000 0.851871 -1.119551
 648.000000 0.863178 -1.093154
 649.000000 0.907006 -0.931333
 650.000000 0.943394 -0.850795
 651.000000 0.871179 -1.240584
 652.000000 0.905405 -1.179309
 653.000000 0.901017 -0.836606
 654.000000 0.937978 -0.974542
 655.000000 0.884979 -0.972602
 656.000000 0.906894 -1.053586
 657.000000 0.915338 -1.132069
 658.000000 0.851516 -0.882092
 659.000000 0.815201 -1.202469
 660.000000 0.911100 -1.161189
 661.000000 0.784906 -1.210170
 662.000000 0.834468 -1.202341
 663.000000 0.826409 -1.126375
 664.000000 0.837528 -1.203773
 665.000000 0.856517 -1.175027
 666.000000 0.873844 -1.101811
 667.000000 0.887741 -1.093115
 668.000000 0.897207 -0.886058
 669.000000 0.817217 -0.840604
 670.000000 0.846964 -0.963473
 671.000000 0.867222 -1.265411
 672.000000 0.882175 -0.962283
 673.000000 0.915242 -1.051349
 674.000000 0.918412 -1.122402
 675.000000 0.811256 -1.116366
 676.000000 0.791550 -1.066357
 677.000000 0.930793 -0.939557
 678.000000 0.857042 -0.601774
 679.000000 0.806995 -0.959143
 680.000000 0.906567 -0.805039
 681.000000 0.886828 -0.554518
 682.000000 0.910589 -0.635361
 683.000000 1.069045 -1.084113
 684.000000 0.991310 -1.078534
 685.000000 1.044949 -1.027668
 686.000000 0.992746 -0.939349
 687.000000 1.040479 -0.889227
 688.000000 0.998068 -0.751416
 689.000000 1.199935 -0.817416
 690.000000 1.196812 -0.762753
 691.000000 1.266935 -0.548364
 692.000000 1.209066 -0.740123
 693.000000 1.238983 -0.480168
 694.000000 1.038966 -0.438224
 695.000000 1.178292 -0.802678
 696.000000 1.033202 -0.762889
 697.000000 0.912122 -0.816522
 698.000000 0.925521 -0.851825
 699.000000 0.894600 -0.693686
 700.000000 0.903258 -0.954082
 701.000000 0.894691 -1.250764
 702.000000 0.945831 -0.789762
 703.000000 0.976553 -1.064211
 704.000000 0.963915 -0.640181
 705.000000 0.938281 -0.603823
 706.000000 0.993566 -1.058018
 707.000000 0.954860 -0.819540
 708.000000 0.991424 -1.343113
 709.000000 0.950059 -0.634979
 710.000000 0.895317 -1.035310
 711.000000 0.852165 -0.954512
 712.000000 0.895960 -0.980569
 713.000000 0.915245 -1.092142
 714.000000 0.859053 -1.055366
 715.000000 0.903438 -1.137947
 716.000000 0.841271 -1.043294
 717.000000 0.901062 -1.167240
 718.000000 0.860442 -0.903858
 719.000000 0.901799 -0.982807
 720.000000 0.882010 -1.130138
 721.000000 0.855039 -0.815834
 722.000000 0.918472 -0.778887
 723.000000 0.895701 -0.899655
 724.000000 0.876259 -0.952294
 725.000000 0.933814 -0.862876
 726.000000 0.969821 -1.010773
 727.000000 0.924896 -1.130572
 728.000000 0.887917 -0.668692
 729.000000 0.950809 -0.796931
 730.000000 0.936233 -0.938889
 731.000000 0.923667 -0.677101
 732.000000 0.939542 -1.105950
 733.000000 0.974641 -1.039478
 734.000000 0.863863 -1.118275
 735.000000 0.939008 -1.121720
 736.000000 0.989001 -1.147775
 737.000000 0.876243 -0.860328
 738.000000 0.921438 -0.807607
 739.000000 0.914570 -1.080064
 740.000000 0.987275 -0.806802
 741.000000 0.876087 -0.911369
 742.000000 0.897563 -0.964545
 743.000000 0.882771 -0.901653
 744.000000 1.157061 -0.532548
 745.000000 1.179569 -0.871307
 746.000000 1.146189 -0.827124
 747.000000 1.133140 -0.828802
 748.000000 1.168975 -1.037044
 749.000000 1.157394 -1.201071
 750.000000 1.092751 -0.822207
 751.000000 0.950842 -0.784874
 752.000000 0.839491 -0.983592
 753.000000 0.819446 -1.160422
 754.000000 0.829656 -1.130886
 755.000000 0.923079 -1.283481
 756.000000 0.801263 -1.100849
 757.000000 0.821029 -0.944329
 758.000000 0.793527 -1.460079
 759.000000 0.803805 -1.131664
 760.000000 0.833504 -1.215395
 761.000000 0.792096 -1.066196
 762.000000 0.835497 -1.057801
 763.000000 0.806176 -1.130035
 764.000000 0.816519 -1.190749
 765.000000 0.923795 -1.196408
 766.000000 0.869418 -1.058493
 767.000000 0.780741 -0.958206
 768.000000 0.801022 -1.319023
 769.000000 0.848894 -1.143942
 770.000000 0.829084 -1.155126
 771.000000 0.786357 -1.137739
 772.000000 0.835314 -1.230998
 773.000000 0.896091 -1.207874
 774.000000 0.858009 -1.209917
 775.000000 0.795590 -1.097417
 776.000000 0.835978 -1.211622
 777.000000 0.852793 -1.124190
 778.000000 0.817445 -0.898943
 779.000000 0.849313 -0.918222
 780.000000 0.777293 -1.168144
 781.000000 0.809546 -1.059691
 782.000000 0.817386 -1.223200
 783.000000 0.841774 -0.937025
 784.000000 0.821269 -0.870829
 785.000000 0.893062 -0.819710
 786.000000 0.871360 -0.994207
 787.000000 0.843797 -1.048542
 788.000000 0.823702 -1.068877
 789.000000 0.806925 -1.002784
 790.000000 0.826787 -1.175042
 791.000000 0.781642 -0.964752
 792.000000 0.850077 -0.883953
 793.000000 0.984577 -0.854841
 794.000000 0.868562 -1.187069
 795.000000 0.853236 -1.002555
 796.000000 0.809489 -1.224894
 797.000000 0.798085 -1.181901
 798.000000 0.829499 -0.967884
 799.000000 0.896377 -0.802916
 800.000000 0.858768 -0.981563
 801.000000 0.830510 -1.066774
 802.000000 0.845223 -1.280837
 803.000000 0.874773 -0.890271
 804.000000 0.882425 -1.001043
 805.000000 0.771131 -1.108966
 806.000000 0.864395 -0.920496
 807.000000 0.862487 -1.266840
 808.000000 0.786737 -1.052890
 809.000000 0.874853 -1.222271
 810.000000 0.758865 -1.139140
 811.000000 0.851957 -1.196710
 812.000000 0.816122 -1.133910
 813.000000 0.832448 -1.150184
 814.000000 0.814061 -0.967877
 815.000000 0.876388 -1.028103
 816.000000 0.794447 -1.143463
 817.000000 0.817830 -1.200815
 818.000000 0.773370 -1.142537
 819.000000 0.764662 -1.158933
 820.000000 0.788797 -1.332047
 821.000000 0.779951 -1.271078
 822.000000 0.854363 -1.303179
 823.000000 0.799673 -1.130558
 824.000000 0.814858 -1.084478
 825.000000 0.768467 -1.267631
 826.000000 0.774386 -1.223163
 827.000000 0.818999 -1.104391
 828.000000 0.781501 -1.044861
 829.000000 0.950475 -1.321906
 830.000000 0.794795 -1.001453
 831.000000 0.789686 -1.034439
 832.000000 0.883528 -0.959309
 833.000000 0.765637 -1.136554
 834.000000 0.804371 -0.960316
 835.000000 0.793862 -0.908524
 836.000000 0.827850 -1.078186
 837.000000 0.804483 -0.773767
 838.000000 0.816980 -0.869298
 839.000000 0.871806 -1.068775
 840.000000 0.979471 -0.638804
 841.000000 0.880520 -0.512137
 842.000000 1.013968 -0.716638
 843.000000 1.008249 -0.450547
 844.000000 1.085138 -0.948787
 845.000000 0.894715 -0.928627
 846.000000 0.778791 -1.088956
 847.000000 0.825409 -1.001071
 848.000000 0.785529 -1.130503
 849.000000 0.772440 -0.888868
 850.000000 0.920924 -1.065429
 851.000000 0.919921 -1.178080
 852.000000 0.790588 -0.997942
 853.000000 0.784118 -1.100086
 854.000000 0.809934 -1.288949
 855.000000 0.863097 -1.078669
 856.000000 0.871323 -1.256775
 857.000000 0.859921 -0.922489
 858.000000 0.878296 -0.920457
 859.000000 0.838327 -0.994797
 860.000000 0.873711 -0.930369
 861.000000 0.862819 -1.118888
 862.000000 0.848483 -1.216396
 863.000000 0.884829 -1.119931
 864.000000 0.939068 -0.628618
 865.000000 0.988926 -1.025977
 866.000000 0.927570 -1.631958
 867.000000 0.921629 -1.095816
 868.000000 0.855659 -0.977057
 869.000000 0.788513 -1.121120
 870.000000 0.838806 -0.852256
 871.000000 0.806058 -1.209083
 872.000000 0.812665 -1.067283
 873.000000 0.848234 -0.927142
 874.000000 0.761730 -0.933091
 875.000000 0.835696 -1.106925
 876.000000 0.969042 -0.712107
 877.000000 0.910472 -1.081061
 878.000000 0.927320 -1.066841
 879.000000 0.761667 -1.105715
 880.000000 0.819958 -1.128969
 881.000000 0.889946 -1.277406
 882.000000 0.800775 -1.124613
 883.000000 0.844869 -1.059281
 884.000000 0.754053 -1.216741
 885.000000 0.795241 -0.977615
 886.000000 0.763968 -1.021969
 887.000000 0.774279 -1.155178
 888.000000 0.837960 -1.282978
 889.000000 0.846702 -1.001663
 890.000000 0.861647 -1.251561
 891.000000 0.830147 -1.078930
 892.000000 0.998126 -0.532672
 893.000000 0.878729 -0.966539
 894.000000 0.819665 -1.371010
 895.000000 0.781867 -0.977639
 896.000000 0.854922 -1.067911
 897.000000 0.781921 -0.794713
 898.000000 0.880530 -1.296992
 899.000000 0.779913 -1.056787
 900.000000 0.849164 -1.188015
 901.000000 0.827843 -0.635776
 902.000000 0.839040 -1.047256
 903.000000 0.800420 -0.867938
 904.000000 0.830095 -1.092113
 905.000000 0.903163 -0.928443
 906.000000 0.769608 -0.818695
 907.000000 0.765363 -0.882506
 908.000000 0.771301 -0.794278
 909.000000 0.883595 -0.806639
 910.000000 0.783515 -1.114065
 911.000000 0.876622 -0.771656
 912.000000 0.766757 -0.966336
 913.000000 0.765073 -1.192022
 914.000000 0.785881 -1.090811
 915.000000 0.802611 -1.029426
 916.000000 0.804438 -0.774895
 917.000000 0.862135 -0.851715
 918.000000 0.809677 -0.859338
 919.000000 0.786428 -0.929297
 920.000000 0.762996 -1.049621
 921.000000 0.786908 -1.115271
 922.000000 0.784025 -1.118847
 923.000000 0.768607 -0.949758
 924.000000 0.755868 -0.872526
 925.000000 0.789598 -0.734203
 926.000000 0.845322 -0.977943
 927.000000 0.792716 -1.002125
 928.000000 0.753445 -1.047124
 929.000000 0.762984 -0.886881
 930.000000 0.773566 -0.898640
 931.000000 0.941073 -1.231843
 932.000000 0.928605 -0.966910
 933.000000 0.981036 -0.900687
 934.000000 0.921821 -0.960188
 935.000000 1.009915 -0.559281
 936.000000 1.038969 -0.903141
 937.000000 1.022416 -1.058109
 938.000000 1.162656 -0.854084
 939.000000 1.163902 -0.685424
 940.000000 1.236908 -0.335590
 941.000000 1.147161 -0.281515
 942.000000 1.187307 -0.121060
 943.000000 1.163935 -0.185347
 944.000000 1.252889 0.130224
 945.000000 1.005125 -0.234398
 946.000000 1.133010 -0.033965
 947.000000 1.165143 -0.470789
 948.000000 1.142401 0.183417
 949.000000 1.147594 -0.231787
 950.000000 1.230229 -0.109883
 951.000000 1.216017 -0.360087
 952.000000 1.019824 -0.652702
 953.000000 0.970039 -0.950119
 954.000000 0.956222 -0.917980
 955.000000 0.872853 -0.968398
 956.000000 0.915906 -1.036349
 957.000000 0.952389 -1.032611
 958.000000 0.935935 -0.849187
 959.000000 0.953784 -0.825262
 960.000000 0.898038 -0.980827
 961.000000 0.902441 -0.790977
 962.000000 0.762853 -0.766662
 963.000000 0.923621 -0.612943
 964.000000 0.883118 -1.073727
 965.000000 0.829902 -1.035560
 966.000000 0.933473 -1.086480
 967.000000 0.934962 -0.563977
 968.000000 0.975166 -0.524583
 969.000000 0.943108 -0.871668
 970.000000 0.977650 -0.676996
 971.000000 0.987231 -1.092446
 972.000000 0.918116 -1.048937
 973.000000 0.867200 -1.054127
 974.000000 0.948988 -0.924916
 975.000000 0.861845 -1.132134
 976.000000 0.950021 -1.052779
 977.000000 0.910914 -0.961221
 978.000000 0.893105 -1.022374
 979.000000 0.904302 -1.092725
 980.000000 0.835667 -1.022818
 981.000000 0.892335 -0.887611
 982.000000 0.923611 -1.117856
 983.000000 0.845596 -0.886841
 984.000000 0.906373 -1.192493
 985.000000 0.902621 -1.333306
 986.000000 0.889665 -1.103225
 987.000000 0.861336 -0.645730
 988.000000 0.801403 -0.957215
 989.000000 0.809052 -1.106487
 990.000000 0.847492 -0.690669
 991.000000 0.945830 -0.790723
 992.000000 0.894834 -0.703020
 993.000000 1.020263 -0.829093
 994.000000 0.912907 -0.945488
 995.000000 0.914604 -0.969831
 996.000000 0.824939 -0.875477
 997.000000 0.883009 -1.119416
 998.000000 1.023130 -0.953918
 999.000000 1.085042 -1.002985
 1000.000000 1.107866 -1.038525
 1001.000000 1.069077 -0.913864
 1002.000000 1.112935 -0.682681
 1003.000000 1.100082 -0.581332
 1004.000000 1.115968 -0.998621
 1005.000000 1.064709 -1.364820
 1006.000000 1.125000 -0.837727
 1007.000000 1.093293 -1.040989
 1008.000000 1.076254 -0.827874
 1009.000000 1.080160 -0.743722
 1010.000000 1.089126 -0.765585
 1011.000000 1.071429 -0.805042
 1012.000000 1.064726 -0.916256
 1013.000000 1.126547 -0.766977
 1014.000000 1.084495 -0.925696
 1015.000000 1.073691 -1.002123
 1016.000000 1.086130 -0.997379
 1017.000000 1.083124 -0.957554
 1018.000000 1.119837 -0.905414
 1019.000000 1.154781 -0.581471
 1020.000000 1.077548 -0.940830
 1021.000000 1.117658 -0.992865
 1022.000000 1.056191 -1.138568
 1023.000000 1.064015 -1.104816
 1024.000000 1.127977 -1.065820
 1025.000000 1.055227 -1.028898
 1026.000000 1.041150 -1.527875
 1027.000000 1.113986 -0.815401
 1028.000000 1.070682 -1.331665
 1029.000000 1.071674 -1.022906
 1030.000000 1.080594 -1.003178
 1031.000000 1.099953 -0.842274
 1032.000000 1.002675 -0.915655
 1033.000000 0.972628 -1.158606
 1034.000000 1.004004 -1.210136
 1035.000000 0.925231 -1.211416
 1036.000000 1.026141 -1.312167
 1037.000000 1.021252 -1.321966
 1038.000000 0.965677 -1.055666
 1039.000000 0.927770 -1.303611
 1040.000000 0.988172 -1.069817
 1041.000000 1.072181 -0.956005
 1042.000000 0.850456 -1.065260
 1043.000000 0.893069 -1.025704
 1044.000000 0.904721 -1.141232
 1045.000000 0.900120 -1.236273
 1046.000000 1.000994 -1.113012
 1047.000000 1.035576 -0.841436
 1048.000000 0.939664 -1.232249
 1049.000000 1.006052 -1.319435
 1050.000000 1.017083 -0.835299
 1051.000000 0.941705 -1.228733
 1052.000000 0.984303 -0.960620
 1053.000000 1.022706 -1.174276
 1054.000000 1.046724 -1.081826
 1055.000000 0.940844 -0.843848
 1056.000000 1.015488 -1.320666
 1057.000000 0.981775 -1.008465
 1058.000000 1.025105 -1.298804
 1059.000000 0.988337 -1.150928
 1060.000000 1.030188 -0.963850
 1061.000000 1.060109 -0.942276
 1062.000000 0.887859 -1.195854
 1063.000000 0.930766 -0.780241
 1064.000000 0.907295 -0.934092
 1065.000000 0.937943 -0.696758
 1066.000000 1.007510 -0.781342
 1067.000000 0.959380 -1.247411
 1068.000000 0.968525 -1.123029
 1069.000000 0.863284 -1.169050
 1070.000000 0.951659 -1.071142
 1071.000000 0.875756 -0.978384
 1072.000000 0.848465 -1.169065
 1073.000000 0.903670 -1.253025
 1074.000000 0.895076 -1.090630
 1075.000000 0.929717 -1.222080
 1076.000000 0.961933 -1.118407
 1077.000000 0.892720 -1.221741
 1078.000000 0.950086 -1.024093
 1079.000000 0.911478 -1.046770
 1080.000000 0.859731 -1.173783
 1081.000000 0.885921 -1.208095
 1082.000000 0.944605 -1.163473
 1083.000000 0.860867 -1.229451
 1084.000000 0.826128 -1.321598
 1085.000000 0.893035 -1.106297
 1086.000000 0.881479 -1.233267
 1087.000000 0.901459 -1.193115
 1088.000000 0.856908 -1.169094
 1089.000000 0.873962 -1.196467
 1090.000000 0.901424 -1.241839
 1091.000000 0.963116 -1.234894
 1092.000000 1.012131 -1.114064
 1093.000000 0.978266 -1.313164
 1094.000000 1.098022 -0.670270
 1095.000000 1.134087 -0.901365
 1096.000000 1.180836 -0.525088
 1097.000000 1.114598 -0.748313
 1098.000000 1.144896 -1.192862
 1099.000000 1.047011 -0.820064
 1100.000000 1.097381 -0.832527
 1101.000000 1.117944 -0.969989
 1102.000000 1.072574 -0.907296
 1103.000000 1.049879 -0.692334
 1104.000000 1.067128 -0.936411
 1105.000000 1.152668 -0.803533
 1106.000000 1.086981 -0.649204
 1107.000000 1.126227 -0.577147
 1108.000000 1.151177 -0.586746
 1109.000000 1.141849 -0.728460
 1110.000000 1.105718 -0.466611
 1111.000000 1.153606 -0.811722
 1112.000000 1.100401 -1.072962
 1113.000000 1.070115 -0.775714
 1114.000000 1.171203 -0.929043
 1115.000000 1.260917 -0.659844
 1116.000000 1.286913 -0.868085
 1117.000000 1.234501 -0.586079
 1118.000000 1.285206 -0.540520
 1119.000000 1.273315 -0.831530
 1120.000000 1.366827 -0.772643
 1121.000000 1.224973 -0.462874
 1122.000000 1.318040 -0.476867
 1123.000000 1.299319 -0.995592
 1124.000000 1.254352 -0.867151
 1125.000000 1.289259 -0.898219
 1126.000000 1.272567 -0.979775
 1127.000000 1.321074 -0.731573
 1128.000000 1.350741 -0.786440
 1129.000000 1.274516 -0.717479
 1130.000000 1.251474 -0.728833
 1131.000000 1.228026 -0.681858
 1132.000000 1.310968 -1.029232
 1133.000000 1.286283 -0.991340
 1134.000000 1.286125 -0.987378
 1135.000000 1.359208 -1.531877
 1136.000000 1.298501 -0.963633
 1137.000000 1.367421 -1.063597
 1138.000000 1.301282 -0.621912
 1139.000000 1.267062 -0.809046
 1140.000000 1.292511 -0.843270
 1141.000000 1.331926 -1.258874
 1142.000000 1.273993 -0.883023
 1143.000000 1.289646 -0.876240
 1144.000000 1.291446 -0.738878
 1145.000000 1.280441 -0.734088
 1146.000000 1.268091 -0.766700
 1147.000000 1.160294 -0.741856
 1148.000000 1.126571 -0.543233
 1149.000000 1.140107 -0.634605
 1150.000000 1.048826 -0.702492
 1151.000000 1.085014 -0.752204
 1152.000000 1.123807 -0.597185
 1153.000000 1.082623 -0.827929
 1154.000000 1.043573 -0.867911
 1155.000000 1.085508 -0.665070
 1156.000000 1.114023 -0.653875
 1157.000000 1.125296 -0.852154
 1158.000000 1.103429 -1.086611
 1159.000000 1.174686 -0.760736
 1160.000000 1.103047 -1.252545
 1161.000000 1.149772 -0.704099
 1162.000000 1.010921 -1.455651
 1163.000000 1.068150 -1.785722
 1164.000000 1.018040 -1.253516
 1165.000000 1.010159 -1.455419
 1166.000000 0.997527 -1.351473
 1167.000000 0.970654 -1.116013
 1168.000000 1.023744 -0.983396
 1169.000000 1.031075 -0.799035
 1170.000000 1.028943 -0.818091
 1171.000000 1.097140 -0.874261
 1172.000000 1.070546 -0.341367
 1173.000000 1.119859 -0.441792
 1174.000000 1.012873 -0.313472
 1175.000000 1.120346 -0.668672
 1176.000000 1.122193 -0.947277
 1177.000000 1.126385 -0.981200
 1178.000000 1.119986 -0.769024
 1179.000000 1.092339 -0.626387
 1180.000000 1.069709 -0.735902
 1181.000000 1.086959 -0.729793
 1182.000000 1.049268 -0.614361
 1183.000000 1.090113 -0.735355
 1184.000000 1.137173 -0.804140
 1185.000000 1.094725 -0.679647
 1186.000000 1.120346 -0.752813
 1187.000000 1.054024 -0.845469
 1188.000000 1.110290 -0.952079
 1189.000000 1.104379 -0.742916
 1190.000000 1.110164 -0.651056
 1191.000000 1.106018 -0.596863
 1192.000000 1.187108 -0.839288
 1193.000000 1.133605 -0.719100
 1194.000000 1.150670 -0.687787
 1195.000000 1.068145 -0.822048
 1196.000000 1.291682 -1.141363
 1197.000000 1.361416 -0.929929
 1198.000000 1.264469 -0.145082
 1199.000000 1.298655 -0.713050
 1200.000000 1.291114 -0.650017
 1201.000000 1.275413 -0.900810
 1202.000000 1.275381 -0.634281
 1203.000000 1.265863 -1.101225
 1204.000000 1.316592 -1.009748
 1205.000000 1.222489 -0.672074
 1206.000000 1.181872 -0.565198
 1207.000000 1.236866 -0.583699
 1208.000000 1.190399 -0.801795
 1209.000000 1.248912 -0.759178
 1210.000000 1.322468 -0.276314
 1211.000000 1.317236 -0.987227
 1212.000000 1.166231 -0.951770
 1213.000000 1.092126 -0.452290
 1214.000000 1.153551 -0.642622
 1215.000000 1.111905 -0.679208
 1216.000000 1.115235 -0.873233
 1217.000000 1.171547 -0.712879
 1218.000000 1.228622 -0.818004
 1219.000000 1.171587 -0.730461
 1220.000000 1.191344 -0.640420
 1221.000000 1.205799 -0.722629
 1222.000000 1.154211 -0.676903
 1223.000000 1.202260 -0.788816
 1224.000000 1.223273 -0.675541
 1225.000000 1.245313 -0.795402
 1226.000000 1.327773 -0.759533
 1227.000000 1.269928 -1.016586
 1228.000000 1.313271 -0.962532
 1229.000000 1.238305 -0.963279
 1230.000000 1.088761 -0.586866
 1231.000000 1.249298 -0.677075
 1232.000000 1.073926 -0.623213
 1233.000000 1.106918 -0.673031
 1234.000000 1.112859 -0.761744
 1235.000000 1.292521 -0.589969
 1236.000000 1.245634 -0.764273
 1237.000000 1.223325 -0.661788
 1238.000000 1.293244 -1.058217
 1239.000000 1.206344 -0.962885
 1240.000000 1.220808 -0.518384
 1241.000000 1.313484 -0.696054
 1242.000000 1.257855 -0.828201
 1243.000000 1.237848 -0.724873
 1244.000000 1.290363 -1.056160
 1245.000000 1.344134 -0.613441
 1246.000000 1.236383 -0.810555
 1247.000000 1.279769 -0.646858
 1248.000000 1.304751 -0.885246
 1249.000000 1.181804 -0.876279
 1250.000000 1.091565 -0.909501
 1251.000000 1.048295 -0.626568
 1252.000000 1.064533 -0.718715
 1253.000000 1.148171 -0.905213
 1254.000000 1.116742 -0.942857
 1255.000000 1.229695 -0.711026
 1256.000000 1.137416 -1.020430
 1257.000000 1.118079 -0.859874
 1258.000000 1.257769 -0.970451
 1259.000000 1.338836 -1.204278
 1260.000000 1.213116 -0.600330
 1261.000000 1.272769 -0.865832
 1262.000000 1.284886 -1.069735
 1263.000000 1.256209 -0.933269
 1264.000000 1.311678 -0.855588
 1265.000000 1.298932 -1.084100
 1266.000000 1.321773 -1.153545
 1267.000000 1.244466 -0.826506
 1268.000000 1.315488 -1.168983
 1269.000000 1.350528 -0.885382
 1270.000000 1.349724 -0.965667
 1271.000000 1.351582 -0.688267
 1272.000000 1.316226 -1.244292
 1273.000000 1.352457 -0.844863
 1274.000000 1.343098 -0.947961
 1275.000000 1.200223 -0.631022
 1276.000000 1.335929 -1.220332
 1277.000000 1.223019 -0.911657
 1278.000000 1.189799 -0.936480
 1279.000000 1.271460 -0.803899
 1280.000000 1.350883 -0.837610
 1281.000000 1.299219 -0.633564
 1282.000000 1.301570 -0.593370
 1283.000000 1.320977 -0.775572
 1284.000000 1.322456 -0.599813
 1285.000000 1.349706 -0.562940
 1286.000000 1.388175 -0.623581
 1287.000000 1.412735 -0.955164
 1288.000000 1.255862 -0.845960
 1289.000000 1.280892 -1.107882
 1290.000000 1.268931 -0.969626
 1291.000000 1.221805 -0.752234
 1292.000000 1.330163 -0.795079
 1293.000000 1.285664 -0.860827
 1294.000000 1.323104 -1.097655
 1295.000000 1.356971 -0.930761
 1296.000000 1.324438 -0.781553
 1297.000000 1.197821 -0.605719
 1298.000000 1.289040 -0.736535
 1299.000000 1.314250 -1.157612
 1300.000000 1.298709 -0.470238
 1301.000000 1.330759 -0.729542
 1302.000000 1.264396 -0.767837
 1303.000000 1.264143 -0.684017
 1304.000000 1.255959 -0.584831
 1305.000000 1.294507 -0.860760
 1306.000000 1.235110 -0.879315
 1307.000000 1.314079 -0.862937
 1308.000000 1.326995 -1.121069
 1309.000000 1.328178 -1.025701
 1310.000000 1.314878 -0.759037
 1311.000000 1.298052 -1.103815
 1312.000000 1.243360 -0.678001
 1313.000000 1.264757 -0.676945
 1314.000000 1.251140 -0.603015
 1315.000000 1.220665 -0.727001
 1316.000000 1.255963 -0.872994
 1317.000000 1.223021 -0.803658
 1318.000000 1.175066 -0.492948
 1319.000000 1.295936 -0.552180
 1320.000000 1.340597 -0.994295
 1321.000000 1.299726 -0.718545
 1322.000000 1.312063 -0.970008
 1323.000000 1.310556 -0.843019
 1324.000000 1.225223 -0.684952
 1325.000000 1.341673 -0.726374
 1326.000000 1.323149 -0.857708
 1327.000000 1.362100 -0.872362
 1328.000000 1.296642 -0.873379
 1329.000000 1.192453 -0.855031
 1330.000000 1.112072 -0.795540
 1331.000000 1.218716 -0.785456
 1332.000000 1.197311 -1.055932
 1333.000000 1.151105 -0.831529
 1334.000000 1.175756 -1.080225
 1335.000000 1.119968 -0.826578
 1336.000000 1.296201 -0.660813
 1337.000000 1.290458 -0.673912
 1338.000000 1.233433 -0.553318
 1339.000000 1.253769 -0.655976
 1340.000000 1.314908 -1.066259
 1341.000000 1.240872 -1.181638
 1342.000000 1.305199 -0.855014
 1343.000000 1.283983 -0.664776
 1344.000000 1.252476 -1.059464
 1345.000000 1.267649 -0.730788
 1346.000000 1.193618 -1.038671
 1347.000000 1.404776 -1.132020
 1348.000000 1.365483 -2.380046
 1349.000000 1.428394 -1.322760
 1350.000000 1.346110 -0.978420
 1351.000000 1.338902 -1.089394
 1352.000000 1.199143 -0.799199
 1353.000000 1.252828 -1.086419
 1354.000000 1.322020 -1.139024
 1355.000000 1.187445 -0.742332
 1356.000000 1.239684 -1.231811
 1357.000000 1.301371 -0.969841
 1358.000000 1.342399 -1.620523
 1359.000000 1.381519 -1.131372
 1360.000000 1.358126 -1.184125
 1361.000000 1.211382 -0.695701
 1362.000000 1.306872 -1.118815
 1363.000000 1.263305 -0.738696
 1364.000000 1.260940 -0.594567
 1365.000000 1.197935 -0.436747
 1366.000000 1.309847 -0.540610
 1367.000000 1.212980 -0.731584
 1368.000000 1.271230 -0.726703
 1369.000000 1.335504 -0.999215
 1370.000000 1.238990 -0.818442
 1371.000000 1.170588 -0.782684
 1372.000000 1.235289 -0.888869
 1373.000000 1.296486 -0.788859
 1374.000000 1.185846 -0.922498
 1375.000000 1.210040 -0.773397
 1376.000000 1.296047 -0.753178
 1377.000000 1.188114 -0.473555
 1378.000000 1.296034 -0.848502
 1379.000000 1.368967 -0.619250
 1380.000000 1.374723 -0.849333
 1381.000000 1.256904 -0.772882
 1382.000000 1.256956 -0.614875
 1383.000000 1.322362 -0.797574
 1384.000000 1.354061 -0.945299
 1385.000000 1.314153 -0.833736
 1386.000000 1.218764 -0.854806
 1387.000000 1.314388 -0.887009
 1388.000000 1.346198 -0.887018
 1389.000000 1.218501 -0.752561
 1390.000000 1.179573 -0.969749
 1391.000000 1.204918 -0.497655
 1392.000000 1.315000 -0.704479
 1393.000000 1.218515 -0.805063
 1394.000000 1.329555 -1.010738
 1395.000000 1.343801 -0.858904
 1396.000000 1.372666 -1.007960
 1397.000000 1.371974 -1.030788
 1398.000000 1.370357 -1.026661
 1399.000000 1.342935 -0.784384
 1400.000000 1.302892 -0.907344
 1401.000000 1.371839 -1.026980
 1402.000000 1.329256 -0.887601
 1403.000000 1.202751 -0.592532
 1404.000000 1.302818 -0.955004
 1405.000000 1.244330 -0.746357
 1406.000000 1.206711 -0.709565
 1407.000000 1.190349 -0.461565
 1408.000000 1.137650 -0.490987
 1409.000000 1.140540 -0.437419
 1410.000000 1.173536 -0.571997
 1411.000000 1.160167 -0.529004
 1412.000000 1.115801 -0.820160
 1413.000000 1.242176 -0.870250
 1414.000000 1.192410 -0.941710
 1415.000000 1.177302 -0.859325
 1416.000000 1.307673 -0.718193
 1417.000000 1.293241 -0.669764
 1418.000000 1.376212 -0.012804
 1419.000000 1.374073 -0.570430
 1420.000000 1.363537 -0.722035
 1421.000000 1.326079 -0.427055
 1422.000000 1.305051 -0.563670
 1423.000000 1.344650 -0.436083
 1424.000000 1.361112 -0.383936
 1425.000000 1.346309 -0.559479
 1426.000000 1.378715 -0.626691
 1427.000000 1.437187 -0.818550
 1428.000000 1.355291 -0.394311
 1429.000000 1.357795 -0.668551
 1430.000000 1.383286 -0.880723
 1431.000000 1.355256 -0.235435
 1432.000000 1.340796 -0.590737
 1433.000000 1.357287 -0.712849
 1434.000000 1.338572 -0.543059
 1435.000000 1.362137 -0.719104
 1436.000000 1.362745 -0.167251
 1437.000000 1.327401 -0.287968
 1438.000000 1.305977 -0.325267
 1439.000000 1.252477 -0.653129
 1440.000000 1.255275 -0.834933
 1441.000000 1.198699 -0.574821
 1442.000000 1.294332 -0.874199
 1443.000000 1.325356 -0.800652
 1444.000000 1.230038 -0.554934
 1445.000000 1.186357 -0.427244
 1446.000000 1.198315 -0.509999
 1447.000000 1.125000 -0.510553
 1448.000000 1.144260 -0.654358
 1449.000000 1.193504 -0.619044
 1450.000000 1.173122 -0.647280
 1451.000000 1.309428 -0.895760
 1452.000000 1.252463 -0.825086
 1453.000000 1.289834 -0.672960
 1454.000000 1.302316 -1.100614
 1455.000000 1.299458 -0.858069
 1456.000000 1.195900 -0.877356
 1457.000000 1.309676 -0.659957
 1458.000000 1.291493 -0.844801
 1459.000000 1.336448 -0.731782
 1460.000000 1.258345 -0.562618
 1461.000000 1.232152 -0.540751
 1462.000000 1.182128 -0.583745
 1463.000000 1.356385 -0.822100
 1464.000000 1.208273 -0.699891
 1465.000000 1.311891 -0.851263
 1466.000000 1.345824 -1.153960
 1467.000000 1.225940 -0.615275
 1468.000000 1.189775 -0.709577
 1469.000000 1.146769 -0.747594
 1470.000000 1.172120 -0.800571
 1471.000000 1.156995 -0.721966
 1472.000000 1.126157 -0.697113
 1473.000000 1.132770 -0.655342
 1474.000000 1.238777 -0.644139
 1475.000000 1.220723 -0.546622
 1476.000000 1.225132 -0.748179
 1477.000000 1.231146 -0.626521
 1478.000000 1.165055 -0.561759
 1479.000000 1.244888 -0.653863
 1480.000000 1.134339 -0.623588
 1481.000000 1.334167 -0.652208
 1482.000000 1.387622 -0.670711
 1483.000000 1.361009 -0.747407
 1484.000000 1.306635 -0.454376
 1485.000000 1.254372 -0.900664
 1486.000000 1.353895 -0.924714
 1487.000000 1.335655 -0.400473
 1488.000000 1.346847 -0.939087
 1489.000000 1.400710 -0.456806
 1490.000000 1.480263 -0.671569
 1491.000000 1.408593 -0.803481
 1492.000000 1.391047 -0.838401
 1493.000000 1.349857 -0.413326
 1494.000000 1.335842 -0.842829
 1495.000000 1.307030 -0.898164
 1496.000000 1.301083 -0.804998
 1497.000000 1.361427 -0.683750
 1498.000000 1.319463 -0.656631
 1499.000000 1.323916 -0.708812
 1500.000000 1.354793 -0.820698
 1501.000000 1.263167 -0.771108
 1502.000000 1.287643 -0.728895
 1503.000000 1.357683 -0.870839
 1504.000000 1.293450 -0.699121
 1505.000000 1.305795 -0.666570
 1506.000000 1.345673 -0.746304
 1507.000000 1.346528 -0.920144
 1508.000000 1.266271 -0.588502
 1509.000000 1.302639 -1.003015
 1510.000000 1.270344 -0.731161
 1511.000000 1.220810 -0.590908
 1512.000000 1.356645 -0.660996
 1513.000000 1.248546 -0.731768
 1514.000000 1.350019 -0.647641
 1515.000000 1.316827 -0.789272
 1516.000000 1.236545 -0.774448
 1517.000000 1.248571 -0.742494
 1518.000000 1.228212 -0.827157
 1519.000000 1.383091 -0.986908
 1520.000000 1.360549 -0.906292
 1521.000000 1.361571 -1.052111
 1522.000000 1.380368 -0.976335
 1523.000000 1.399914 -1.019814
 1524.000000 1.361639 -0.938447
 1525.000000 1.373747 -1.216284
 1526.000000 1.394339 -1.318251
 1527.000000 1.386602 -1.041890
 1528.000000 1.371296 -1.014213
 1529.000000 1.331285 -0.982758
 1530.000000 1.385324 -0.809394
 1531.000000 1.457773 -0.771380
 1532.000000 1.397668 -0.939790
 1533.000000 1.449537 -1.105310
 1534.000000 1.404580 -0.796582
 1535.000000 1.382164 -1.121781
 1536.000000 1.395914 -0.924997
 1537.000000 1.347908 -1.328080
 1538.000000 1.446283 -0.863208
 1539.000000 1.313007 -0.928344
 1540.000000 1.424642 -0.863972
 1541.000000 1.530392 -0.850088
 1542.000000 1.386104 -0.808790
 1543.000000 1.376158 -0.983334
 1544.000000 1.401355 -1.111575
 1545.000000 1.417633 -1.149394
 1546.000000 1.343472 -0.902821
 1547.000000 1.483884 -0.689840
 1548.000000 1.361960 -1.304780
 1549.000000 1.515032 -1.168794
 1550.000000 1.408907 -0.851960
 1551.000000 1.414354 -1.772331
 1552.000000 1.431431 -1.175534
 1553.000000 1.352346 -0.940116
 1554.000000 1.390360 -1.968861
 1555.000000 1.419605 -1.923766
 1556.000000 1.437814 -1.898801
 1557.000000 1.465285 -0.565369
 1558.000000 1.422874 -0.288115
 1559.000000 1.319227 -0.558261
 1560.000000 1.430203 -0.693092
 1561.000000 1.450875 -0.611301
 1562.000000 1.329897 -0.920059
 1563.000000 1.481840 -0.911974
 1564.000000 1.513868 -1.181499
 1565.000000 1.431399 -0.572358
 1566.000000 1.491681 -1.219184
 1567.000000 1.423996 -0.701238
 1568.000000 1.319036 -0.983934
 1569.000000 1.359637 -1.069013
 1570.000000 1.297120 -1.079201
 1571.000000 1.356340 -0.962088
 1572.000000 1.454747 -0.941205
 1573.000000 1.350310 -0.934592
 1574.000000 1.394862 -0.566905
 1575.000000 1.472181 -0.910683
 1576.000000 1.388660 -1.766495
 1577.000000 1.378259 -1.901559
 1578.000000 1.334528 -1.033646
 1579.000000 1.337657 -1.481091
 1580.000000 1.334090 -0.851606
 1581.000000 1.417323 -1.344484
 1582.000000 1.379616 -0.948815
 1583.000000 1.390321 -0.895412
 1584.000000 1.346780 -0.921324
 1585.000000 1.360580 -0.913807
 1586.000000 1.394978 -1.926500
 1587.000000 1.393681 -1.799373
 1588.000000 1.428125 -1.429170
 1589.000000 1.401217 -1.466829
 1590.000000 1.451399 -1.371539
 1591.000000 1.543225 -1.304525
 1592.000000 1.450931 -1.019060
 1593.000000 1.310185 -1.474789
 1594.000000 1.355306 -2.316404
 1595.000000 1.457135 -2.168692
 1596.000000 1.446227 -1.761521
 1597.000000 1.473821 -1.782614
 1598.000000 1.409287 -1.459023
 1599.000000 1.195396 -0.733399
 1600.000000 1.292765 -0.829995
 1601.000000 1.340958 -1.135964
 1602.000000 1.526911 -1.830298
 1603.000000 1.456084 -1.261188
 1604.000000 1.371345 -0.992806
 1605.000000 1.345123 -1.654110
 1606.000000 1.413900 -1.715488
 1607.000000 1.449737 -2.169081
 1608.000000 1.483008 -2.603234
 1609.000000 1.415875 -2.205562
 1610.000000 1.400313 -2.035259
 1611.000000 1.430442 -1.188891
 1612.000000 1.413510 -1.974738
 1613.000000 1.322485 -1.479158
 1614.000000 1.450178 -1.626160
 1615.000000 1.371494 -1.621234
 1616.000000 1.391957 -1.670831
 1617.000000 1.376618 -1.055247
 1618.000000 1.425951 -0.960555
 1619.000000 1.421552 -1.925287
 1620.000000 1.420821 -1.645252
 1621.000000 1.417578 -1.951700
 1622.000000 1.339478 -1.682072
 1623.000000 1.419198 -1.846332
 1624.000000 1.406576 -2.198355
 1625.000000 1.452918 -2.033673
 1626.000000 1.430416 -2.491019
 1627.000000 1.533582 -1.970079
 1628.000000 1.442812 -2.347192
 1629.000000 1.471502 3.100298
 1630.000000 1.504544 -2.048168
 1631.000000 1.472253 -1.804456
 1632.000000 1.457774 -1.212437
 1633.000000 1.419129 -1.843114
 1634.000000 1.497733 -1.946209
 1635.000000 1.520886 -1.315470
 1636.000000 1.439715 -1.244676
 1637.000000 1.519879 -2.487928
 1638.000000 1.333499 -1.191778
 1639.000000 1.403511 -1.420217
 1640.000000 1.419929 -1.154498
 1641.000000 1.322610 -1.466528
 1642.000000 1.462925 -1.960273
 1643.000000 1.427424 -2.038319
 1644.000000 1.413926 -1.704219
 1645.000000 1.447152 -2.013418
 1646.000000 1.379903 -1.511011
 1647.000000 1.414320 -1.589918
 1648.000000 1.379187 -1.549386
 1649.000000 1.396712 -1.945159
 1650.000000 1.323841 -1.411546
 1651.000000 1.236146 -1.852109
 1652.000000 1.359840 -1.364053
 1653.000000 1.359941 -1.592694
 1654.000000 1.373068 -1.202773
 1655.000000 1.401151 -1.649464
 1656.000000 1.417133 -1.808960
 1657.000000 1.392559 -1.753579
 1658.000000 1.448788 -1.633006
 1659.000000 1.390948 -1.136546
 1660.000000 1.372452 -1.458057
 1661.000000 1.431693 -2.064043
 1662.000000 1.454212 -1.938322
 1663.000000 1.448498 -2.116150
 1664.000000 1.310885 -1.939136
 1665.000000 1.322913 -1.572647
 1666.000000 1.300133 -1.603817
 1667.000000 1.415127 -1.841297
 1668.000000 1.391784 -2.068786
 1669.000000 1.321401 -1.076158
 1670.000000 1.387675 -1.590846
 1671.000000 1.439402 -1.949522
 1672.000000 1.408775 -1.695242
 1673.000000 1.472757 -1.862148
 1674.000000 1.500959 -2.503499
 1675.000000 1.449199 -2.201850
 1676.000000 1.389751 -1.958195
 1677.000000 1.453159 -2.219073
 1678.000000 1.498589 -2.140811
 1679.000000 1.529343 -2.768084
 1680.000000 1.366718 -1.775762
 1681.000000 1.435061 -1.647982
 1682.000000 1.511240 -1.647777
 1683.000000 1.426728 -2.085910
 1684.000000 1.504109 -2.221280
 1685.000000 1.403118 -1.820858
 1686.000000 1.354714 -1.464663
 1687.000000 1.451229 -2.112502
 1688.000000 1.453435 -2.165254
 1689.000000 1.561356 -2.096606
 1690.000000 1.497941 -2.276795
 1691.000000 1.427607 -2.060762
 1692.000000 1.445961 -2.160883
 1693.000000 1.515271 -2.578435
 1694.000000 1.474503 -2.731665
 1695.000000 1.388059 -2.410596
 1696.000000 1.362284 -2.121476
 1697.000000 1.354037 -1.768922
 1698.000000 1.420345 -1.817369
 1699.000000 1.299960 -1.610688
 1700.000000 1.431399 -1.881728
 1701.000000 1.393204 -2.056928
 1702.000000 1.393677 -2.450419
 1703.000000 1.389980 -1.974673
 1704.000000 1.415719 -2.400974
 1705.000000 1.369650 -1.627068
 1706.000000 1.303210 -2.005303
 1707.000000 1.396290 -2.062228
 1708.000000 1.399929 -2.910543
 1709.000000 1.287542 -2.204375
 1710.000000 1.388901 -2.177024
 1711.000000 1.328298 -2.475050
 1712.000000 1.324015 -2.433395
 1713.000000 1.321402 -1.674995
 1714.000000 1.450932 -2.595660
 1715.000000 1.496862 -2.405038
 1716.000000 1.480163 -2.360194
 1717.000000 1.523182 -2.265271
 1718.000000 1.517536 -2.438370
 1719.000000 1.557821 -2.144721
 1720.000000 1.524721 -2.271491
 1721.000000 1.530267 -2.670021
 1722.000000 1.523488 -2.342333
 1723.000000 1.537551 -2.184803
 1724.000000 1.559871 -1.962729
 1725.000000 1.451312 -1.880699
 1726.000000 1.568294 -1.719068
 1727.000000 1.537028 -1.786194
 1728.000000 1.495944 -1.662585
 1729.000000 1.469788 -1.753226
 1730.000000 1.499370 -1.843209
 1731.000000 1.439678 -1.879898
 1732.000000 1.459163 -1.666912
 1733.000000 1.442870 -1.624273
 1734.000000 1.485151 -1.364531
 1735.000000 1.474946 -1.627228
 1736.000000 1.528917 -1.727548
 1737.000000 1.501339 -1.404071
 1738.000000 1.525824 -1.505810
 1739.000000 1.483611 -1.417270
 1740.000000 1.467741 -1.768945
 1741.000000 1.499495 -1.631266
 1742.000000 1.422969 -1.926556
 1743.000000 1.482100 -1.702005
 1744.000000 1.442946 -1.283449
 1745.000000 1.352202 -1.433763
 1746.000000 1.400314 -1.851418
 1747.000000 1.549735 -2.124052
 1748.000000 1.540722 -1.833620
 1749.000000 1.555257 -0.935863
 1750.000000 1.627485 -1.445980
 1751.000000 1.592435 -1.783575
 1752.000000 1.581717 -1.814098
 1753.000000 1.568127 -1.556259
 1754.000000 1.552482 -1.788345
 1755.000000 1.515343 -1.349154
 1756.000000 1.486689 -0.869555
 1757.000000 1.545796 -1.463648
 1758.000000 1.578705 -1.090570
 1759.000000 1.512656 -1.064765
 1760.000000 1.606479 -1.521994
 1761.000000 1.574588 -1.280771
 1762.000000 1.587217 -1.469909
 1763.000000 1.592922 -1.073875
 1764.000000 1.634523 -1.470261
 1765.000000 1.543146 -1.396609
 1766.000000 1.537880 -1.111009
 1767.000000 1.647502 -0.823383
 1768.000000 1.556892 -0.651048
 1769.000000 1.601110 -0.799679
 1770.000000 1.594798 -0.893158
 1771.000000 1.580134 -0.934313
 1772.000000 1.567139 -1.107401
 1773.000000 1.516014 -1.125143
 1774.000000 1.547325 -1.123793
 1775.000000 1.597205 -1.353148
 1776.000000 1.564924 -1.050330
 1777.000000 1.611993 -1.278188
 1778.000000 1.634602 -1.338572
 1779.000000 1.545134 -0.979877
 1780.000000 1.564876 -0.768709
 1781.000000 1.553485 -0.708986
 1782.000000 1.608858 -1.809021
 1783.000000 1.500066 -1.395345
 1784.000000 1.543631 -0.810951
 1785.000000 1.420700 -0.695712
 1786.000000 1.373649 -0.571489
 1787.000000 1.450146 -0.960230
 1788.000000 1.353617 -0.788109
 1789.000000 1.294285 -0.507436
 1790.000000 1.294632 -0.455041
 1791.000000 1.320124 -0.647903
 1792.000000 1.423531 -0.373636
 1793.000000 1.296379 -0.792095
 1794.000000 1.301266 -0.829502
 1795.000000 1.270687 -0.769196
 1796.000000 1.391429 -1.062474
 1797.000000 1.480483 -0.997901
 1798.000000 1.352419 -0.867180
 1799.000000 1.298173 -1.334576
 1800.000000 1.394466 -1.057240
 1801.000000 1.296877 -0.551187
 1802.000000 1.335775 -0.847128
 1803.000000 1.358783 -0.911718
 1804.000000 1.314597 -0.823742
 1805.000000 1.337193 -0.728393
 1806.000000 1.335499 -0.782665
 1807.000000 1.366407 -0.468172
 1808.000000 1.346464 -0.248502
 1809.000000 1.349714 -0.658939
 1810.000000 1.390524 -0.479714
 1811.000000 1.349762 -0.704703
 1812.000000 1.359874 -0.794101
 1813.000000 1.422107 -0.851680
 1814.000000 1.426485 -0.424866
 1815.000000 1.384724 -0.751428
 1816.000000 1.406170 -0.854588
 1817.000000 1.442001 -1.080659
 1818.000000 1.473745 -1.137593
 1819.000000 1.510243 -1.103594
 1820.000000 1.495308 -0.595446
 1821.000000 1.477884 -1.143910
 1822.000000 1.552895 -1.059440
 1823.000000 1.595819 -1.102437
 1824.000000 1.476572 -0.993565
 1825.000000 1.514862 -1.204240
 1826.000000 1.412742 -1.383778
 1827.000000 1.307286 -0.618799
 1828.000000 1.187747 0.153121
 1829.000000 1.271842 -0.446706
 1830.000000 1.208699 0.567245
 1831.000000 1.206617 0.117137
 1832.000000 1.257486 0.034090
 1833.000000 1.210231 0.109454
 1834.000000 1.220846 0.306053
 1835.000000 1.156660 0.755137
 1836.000000 1.175050 0.492976
 1837.000000 1.191150 0.558147
 1838.000000 1.160033 0.526312
 1839.000000 1.175524 0.272907
 1840.000000 1.198447 0.285231
 1841.000000 1.170424 0.315214
 1842.000000 1.184813 0.470004
 1843.000000 1.292132 0.390821
 1844.000000 1.313646 0.151366
 1845.000000 1.306773 0.040735
 1846.000000 1.250199 0.012135
 1847.000000 1.287480 0.081113
 1848.000000 1.173521 0.710542
 1849.000000 1.190042 0.280577
 1850.000000 1.231698 -0.076757
 1851.000000 1.233088 -0.120055
 1852.000000 1.248246 0.188469
 1853.000000 1.299189 0.426572
 1854.000000 1.260117 -0.041851
 1855.000000 1.238234 0.033120
 1856.000000 1.240456 -0.417538
 1857.000000 1.263242 0.028264
 1858.000000 1.302273 -0.241803
 1859.000000 1.212094 -0.046002
 1860.000000 1.174472 0.061361
 1861.000000 1.265887 -0.028514
 1862.000000 1.228349 -0.193553
 1863.000000 1.185557 0.231919
 1864.000000 1.287113 -0.633560
 1865.000000 1.227025 -0.306660
 1866.000000 1.254402 0.107757
 1867.000000 1.250160 0.309098
 1868.000000 1.243339 0.415866
 1869.000000 1.242636 0.062365
 1870.000000 1.219565 0.443851
 1871.000000 1.231423 0.698405
 1872.000000 1.271230 0.243313
 1873.000000 1.405776 0.664482
 1874.000000 1.430290 1.379774
 1875.000000 1.428573 0.325826
 1876.000000 1.586097 -0.283930
 1877.000000 1.643584 -0.521566
 1878.000000 1.714094 -0.806127
 1879.000000 1.623111 -0.638345
 1880.000000 1.703940 -0.725279
 1881.000000 1.660057 0.501868
 1882.000000 1.641892 0.613904
 1883.000000 1.673352 0.390108
 1884.000000 1.654208 1.038266
 1885.000000 1.649788 0.720789
 1886.000000 1.695942 -0.249690
 1887.000000 1.713720 -0.012866
 1888.000000 1.794059 -1.689210
 1889.000000 1.691783 0.654506
 1890.000000 1.683261 0.159314
 1891.000000 1.734497 0.019228
 1892.000000 1.689389 -0.570345
 1893.000000 1.702322 -0.916840
 1894.000000 1.483027 -1.493689
 1895.000000 1.549197 -0.705089
 1896.000000 1.897246 0.471522
 1897.000000 1.948013 0.643600
 1898.000000 2.081889 0.303380
 1899.000000 1.971385 0.972259
 1900.000000 1.925427 2.763110
 1901.000000 1.855231 -2.795896
 1902.000000 1.779719 -2.500924
 1903.000000 1.623175 -2.017934
 1904.000000 1.616285 -1.491017
 1905.000000 1.580317 -1.126840
 1906.000000 1.467149 -1.418063
 1907.000000 1.439225 -1.102005
 1908.000000 1.586292 -1.881264
 1909.000000 1.513176 -0.812573
 1910.000000 1.299139 -0.151979
 1911.000000 1.255920 -0.064374
 1912.000000 1.171685 -0.653862
 1913.000000 1.235441 -1.430823
 1914.000000 1.220421 -0.899810
 1915.000000 1.177028 -1.528994
 1916.000000 1.169876 -2.362776
 1917.000000 1.175187 -1.789552
 1918.000000 1.171354 -1.934315
 1919.000000 1.232510 -2.331477
 1920.000000 1.338538 -2.032477
 1921.000000 1.249287 -2.077615
 1922.000000 1.278990 -2.286399
 1923.000000 1.303977 -2.037225
 1924.000000 1.254106 -1.680052
 1925.000000 1.204713 -2.309140
 1926.000000 1.229142 -2.060161
 1927.000000 1.300183 -2.070012
 1928.000000 1.355472 -1.973503
 1929.000000 1.397634 -2.665760
 1930.000000 1.303104 -2.653998
 1931.000000 1.141865 2.994178
 1932.000000 1.201874 -1.096149
 1933.000000 1.209556 -0.911446
 1934.000000 1.225284 -1.552375
 1935.000000 1.244375 -1.661852
 1936.000000 1.244099 -0.252793
 1937.000000 1.263381 -1.087447
 1938.000000 1.213674 -2.159069
 1939.000000 1.408098 2.998381
 1940.000000 1.382225 3.129422
 1941.000000 1.264743 -2.710635
 1942.000000 1.279927 -3.018426
 1943.000000 1.359572 -2.712972
 1944.000000 1.739953 -2.255361
 1945.000000 1.706193 -0.728831
 1946.000000 1.678467 -1.336624
 1947.000000 1.709286 -1.832787
 1948.000000 1.693872 -1.130938
 1949.000000 1.726513 -1.529623
 1950.000000 1.792640 -1.474344
 1951.000000 1.822440 -1.380983
 1952.000000 1.780406 -1.850018
 1953.000000 1.828484 -1.543359
 1954.000000 1.815394 -0.981568
 1955.000000 1.737756 -0.388579
 1956.000000 1.629113 -1.034326
 1957.000000 1.555039 -0.442269
 1958.000000 1.478738 0.189136
 1959.000000 1.474856 0.316514
 1960.000000 1.674530 -0.232378
 1961.000000 1.645778 -0.165700
 1962.000000 1.627888 -0.318978
 1963.000000 1.804888 -0.108638
 1964.000000 1.784290 -0.280995
 1965.000000 1.865327 -0.136195
 1966.000000 1.841885 -0.563048
 1967.000000 1.816285 -0.650435
 1968.000000 1.919948 -1.139143
 1969.000000 1.742720 -0.850638
 1970.000000 1.762896 -0.315434
 1971.000000 1.705429 0.072969
 1972.000000 1.827683 0.048071
 1973.000000 1.857589 -1.406363
 1974.000000 1.823941 -2.074184
 1975.000000 1.868121 -0.039082
 1976.000000 1.874094 -1.961453
 1977.000000 1.943611 -1.336480
 1978.000000 1.754488 -2.400452
 1979.000000 1.861892 -2.903888
 1980.000000 1.776767 -2.685821
 1981.000000 1.918614 2.720944
 1982.000000 1.974368 2.818960
 1983.000000 1.857139 1.844970
 1984.000000 1.771298 1.923089
 1985.000000 1.837092 1.759162
 1986.000000 1.771735 2.618288
 1987.000000 1.873620 -2.996102
 1988.000000 1.857757 3.009550
 1989.000000 1.968171 -2.966088
 1990.000000 2.215736 -3.042344
 1991.000000 2.264104 -3.040915
 1992.000000 2.099715 2.879269
 1993.000000 2.057762 3.056647
 1994.000000 2.043317 -2.919235
 1995.000000 1.965800 -3.040830
 1996.000000 2.066661 -2.755746
 1997.000000 2.048581 -1.422035
 1998.000000 1.858384 -0.557381
 1999.000000 1.984039 -0.721755
 2000.000000 2.033292 -0.302422
 2001.000000 2.017696 -0.223112
 2002.000000 2.038535 -0.109022
 2003.000000 1.959343 0.173808
 2004.000000 1.810116 1.111708
 2005.000000 1.678988 2.053034
 2006.000000 1.790541 0.110161
 2007.000000 1.898836 2.702946
 2008.000000 1.854908 -0.411715
 2009.000000 1.806709 0.376026
 2010.000000 1.866086 0.572760
 2011.000000 1.908380 1.059380
 2012.000000 1.710436 1.290992
 2013.000000 1.696599 1.738985
 2014.000000 1.781967 1.555427
 2015.000000 1.723320 1.661229
 2016.000000 1.768798 2.182830
 2017.000000 1.926746 1.893858
 2018.000000 1.654354 1.421913
 2019.000000 1.734112 1.377360
 2020.000000 1.653233 1.157953
 2021.000000 1.776350 0.946619
 2022.000000 1.730476 0.426339
 2023.000000 1.745222 0.166402
 2024.000000 1.738576 0.427112
 2025.000000 1.605333 0.733705
 2026.000000 1.759744 0.488480
 2027.000000 1.615735 0.448212
 2028.000000 1.616042 0.810625
 2029.000000 1.637406 0.313510
 2030.000000 1.771894 0.241150
 2031.000000 1.656274 0.564583
 2032.000000 1.635925 0.468015
 2033.000000 1.709991 0.678946
 2034.000000 1.790292 0.672474
 2035.000000 1.943140 0.547777
 2036.000000 1.856676 -0.206131
 2037.000000 1.754836 0.677344
 2038.000000 1.766982 0.185311
 2039.000000 1.803588 -0.236984
 2040.000000 1.912850 -1.267010
 2041.000000 1.977867 -0.462414
 2042.000000 1.923943 0.118927
 2043.000000 1.999272 -0.803876
 2044.000000 1.867501 -1.339013
 2045.000000 1.831413 -1.866623
 2046.000000 1.811181 -2.648786
 2047.000000 1.863792 -1.899328
 2048.000000 1.924189 -0.125663
 2049.000000 1.886908 -0.359538
 2050.000000 1.920130 -0.547389
 2051.000000 1.899760 -1.186953
 2052.000000 1.945483 -1.122992
 2053.000000 1.897893 -0.939283
 2054.000000 1.811545 -1.246061
 2055.000000 1.752304 -0.980246
 2056.000000 1.727604 -1.059092
 2057.000000 1.737604 -0.658145
 2058.000000 1.630070 0.146812
 2059.000000 1.635275 -0.056938
 2060.000000 1.706488 0.096211
 2061.000000 1.582942 -0.581157
 2062.000000 1.733691 -0.174645
 2063.000000 1.739561 -0.302183
 2064.000000 1.728294 -1.302803
 2065.000000 1.736024 0.758605
 2066.000000 1.838295 0.115641
 2067.000000 1.700852 -0.087749
 2068.000000 1.616626 -0.085773
 2069.000000 1.543008 -0.112457
 2070.000000 1.606225 -0.609661
 2071.000000 1.521906 -0.881063
 2072.000000 1.590708 -0.992862
 2073.000000 1.615641 -1.176449
 2074.000000 1.554519 -1.493165
 2075.000000 1.624268 -0.924246
 2076.000000 1.608663 -0.985114
 2077.000000 1.599180 -1.728463
 2078.000000 1.544111 -1.868459
 2079.000000 1.638815 -1.156861
 2080.000000 1.555148 -1.798989
 2081.000000 1.534407 0.513469
 2082.000000 1.593926 1.148072
 2083.000000 1.600658 1.527713
 2084.000000 1.389604 1.996400
 2085.000000 1.409416 1.555071
 2086.000000 1.373378 1.176073
 2087.000000 1.490074 0.624507
 2088.000000 1.577898 -0.267624
 2089.000000 1.566286 1.076899
 2090.000000 1.530355 0.546701
 2091.000000 1.538209 -0.196129
 2092.000000 1.611837 0.194205
 2093.000000 1.508006 0.092818
 2094.000000 1.318711 0.449589
 2095.000000 1.380042 -0.146835
 2096.000000 1.479536 -0.707523
 2097.000000 1.431774 0.374536
 2098.000000 1.488110 0.065312
 2099.000000 1.462602 0.452832
 2100.000000 1.444796 0.378085
 2101.000000 1.539534 0.166183
 2102.000000 1.593454 -0.096780
 2103.000000 1.479483 0.304052
 2104.000000 1.473309 0.327115
 2105.000000 1.530849 0.421618
 2106.000000 1.375075 0.560669
 2107.000000 1.424907 0.233631
 2108.000000 1.427717 0.711732
 2109.000000 1.673193 0.287690
 2110.000000 1.491257 0.284055
 2111.000000 1.448513 0.174536
 2112.000000 1.458051 -0.321499
 2113.000000 1.410063 -1.080619
 2114.000000 1.448229 -0.065149
 2115.000000 1.490863 -0.086212
 2116.000000 1.645927 0.319825
 2117.000000 1.581961 0.077964
 2118.000000 1.491865 0.172826
 2119.000000 1.574543 -0.314237
 2120.000000 1.662701 -0.186950
 2121.000000 1.699507 -0.222912
 2122.000000 1.829509 -0.495819
 2123.000000 1.794915 -0.478405
 2124.000000 1.753307 0.005797
 2125.000000 1.738483 0.373472
 2126.000000 1.699946 0.273070
 2127.000000 1.661054 0.160834
 2128.000000 1.712779 0.250329
 2129.000000 1.653871 0.365313
 2130.000000 1.738307 -0.290916
 2131.000000 1.645267 -0.233990
 2132.000000 1.620824 -0.919778
 2133.000000 1.696337 -0.646810
 2134.000000 1.559159 -0.846149
 2135.000000 1.710202 -1.126189
 2136.000000 1.654535 -1.259659
 2137.000000 1.549324 -2.668723
 2138.000000 1.710127 -2.539481
 2139.000000 1.801043 -2.966920
 2140.000000 1.903399 -2.929019
 2141.000000 1.865571 2.885426
 2142.000000 1.756792 -2.792605
 2143.000000 1.816239 -1.706453
 2144.000000 1.838127 -1.411068
 2145.000000 1.640182 -0.151555
 2146.000000 1.645423 0.268539
 2147.000000 1.748512 -0.702565
 2148.000000 1.907667 -1.284791
 2149.000000 1.869205 -1.566402
 2150.000000 1.836436 1.959089
 2151.000000 2.044266 3.073675
 2152.000000 2.031536 3.088899
 2153.000000 1.927841 2.697154
 2154.000000 2.047057 -2.691073
 2155.000000 2.139567 2.775425
 2156.000000 2.115714 2.821915
 2157.000000 1.931537 2.837269
 2158.000000 1.974417 2.930463
 2159.000000 1.899408 2.967466
 2160.000000 1.798925 2.892442
 2161.000000 1.788750 2.966983
 2162.000000 2.111507 2.837613
 2163.000000 2.262198 2.579507
 2164.000000 2.451938 1.688269
 2165.000000 2.358404 0.765860
 2166.000000 2.549148 1.115447
 2167.000000 2.563540 0.815388
 2168.000000 2.478168 1.440712
 2169.000000 2.332794 2.093270
 2170.000000 2.193358 0.347886
 2171.000000 2.195139 1.509838
 2172.000000 2.594953 -1.698859
 2173.000000 2.673165 0.769874
 2174.000000 2.438816 0.520185
 2175.000000 2.482280 1.068842
 2176.000000 2.650203 0.551729
 2177.000000 2.707512 -0.096282
 2178.000000 2.820810 0.238618
 2179.000000 2.594644 0.549211
 2180.000000 2.762734 -0.642096
 2181.000000 3.033899 -0.435568
 2182.000000 2.957802 -0.311940
 2183.000000 3.014049 -0.492404
 2184.000000 3.260598 -0.596063
 2185.000000 3.376964 0.663519
 2186.000000 3.282759 -0.067939
 2187.000000 3.266803 -0.108491
 2188.000000 3.177357 -0.717762
 2189.000000 3.131592 0.334572
 2190.000000 3.316944 -0.526279
 2191.000000 3.202776 2.118367
 2192.000000 3.209103 0.889122
 2193.000000 3.181442 0.733811
 2194.000000 3.163258 0.489386
 2195.000000 2.851283 0.433392
 2196.000000 3.142810 -0.150701
 2197.000000 3.336622 -0.494837
 2198.000000 3.316377 -0.548127
 2199.000000 3.517113 -1.097432
 2200.000000 3.514052 -1.529684
 2201.000000 3.403463 -2.848902
 2202.000000 3.430542 -2.696911
 2203.000000 3.346302 -2.964295
 2204.000000 3.350705 -2.903300
 2205.000000 3.185077 2.888019
 2206.000000 3.222871 -2.947248
 2207.000000 2.881317 -2.812451
 2208.000000 2.722825 -2.818134
 2209.000000 2.650861 2.759129
 2210.000000 2.903275 2.560744
 2211.000000 3.378501 -1.669318
 2212.000000 3.067977 0.578126
 2213.000000 3.025760 -0.114323
 2214.000000 2.973884 0.027438
 2215.000000 2.609387 0.050459
 2216.000000 2.558235 0.139214
 2217.000000 2.646740 0.829296
 2218.000000 2.648531 0.474764
 2219.000000 2.562482 -0.329905
 2220.000000 2.448429 0.129196
 2221.000000 2.338910 0.831224
 2222.000000 2.483267 0.775679
 2223.000000 2.314833 0.253358
 2224.000000 2.619837 -0.008606
 2225.000000 2.605610 0.317798
 2226.000000 2.765043 0.591019
 2227.000000 2.749349 0.775078
 2228.000000 2.613762 1.187647
 2229.000000 2.501146 0.680011
 2230.000000 2.649905 0.434988
 2231.000000 2.757810 -0.877121
 2232.000000 2.840472 0.130516
 2233.000000 2.673435 0.492473
 2234.000000 2.498244 0.759722
 2235.000000 2.516723 -0.735067
 2236.000000 2.562983 -1.275164
 2237.000000 2.741636 -2.775090
 2238.000000 2.651782 0.333386
 2239.000000 2.678158 2.799100
 2240.000000 2.732019 2.260795
 2241.000000 2.679771 2.126226
 2242.000000 3.021913 1.589355
 2243.000000 3.200664 1.153891
 2244.000000 3.312455 0.955368
 2245.000000 3.300591 1.845844
 2246.000000 3.374860 1.689963
 2247.000000 3.435520 2.269234
 2248.000000 3.446479 2.075769
 2249.000000 3.382678 1.796241
 2250.000000 3.249366 2.324352
 2251.000000 3.289320 1.585207
 2252.000000 3.307603 1.442385
 2253.000000 3.107663 1.661820
 2254.000000 3.074460 2.197052
 2255.000000 3.101035 2.403196
 2256.000000 3.032415 3.015610
 2257.000000 3.100674 -2.282056
 2258.000000 3.114038 -1.830763
 2259.000000 3.099981 -2.321342
 2260.000000 3.096851 -2.980930
 2261.000000 3.142571 -1.976990
 2262.000000 3.271530 -1.309428
 2263.000000 3.241528 -0.600322
 2264.000000 3.008014 2.985534
 2265.000000 2.953258 1.714472
 2266.000000 2.800631 2.936484
 2267.000000 2.748304 -2.497491
 2268.000000 2.804316 2.670510
 2269.000000 2.989658 -2.525785
 2270.000000 3.117564 2.695862
 2271.000000 3.026885 -3.131760
 2272.000000 3.022336 -2.984366
 2273.000000 3.267427 -2.462651
 2274.000000 3.414148 -2.169239
 2275.000000 3.424808 3.014890
 2276.000000 3.452874 2.623557
 2277.000000 3.334936 2.722347
 2278.000000 3.379609 -3.094996
 2279.000000 3.453934 3.045542
 2280.000000 3.348888 2.617705
 2281.000000 3.233470 -3.046579
 2282.000000 2.930630 2.334156
 2283.000000 2.722488 2.641411
 2284.000000 2.752491 2.842596
 2285.000000 2.717541 2.897292
 2286.000000 2.401387 2.531018
 2287.000000 2.287624 2.550035
 2288.000000 2.281362 2.562462
 2289.000000 2.191407 2.892538
 2290.000000 2.128025 -2.813686
 2291.000000 2.340025 -3.049683
 2292.000000 2.297698 2.968386
 2293.000000 1.995523 2.725760
 2294.000000 2.168170 2.817622
 2295.000000 2.109477 3.012114
 2296.000000 2.077574 2.903057
 2297.000000 1.900009 2.776574
 2298.000000 1.942971 2.672592
 2299.000000 1.965112 2.438176
 2300.000000 1.975710 2.596029
 2301.000000 2.219147 2.578140
 2302.000000 1.993022 2.988925
 2303.000000 1.982746 -3.022835
 2304.000000 1.853183 2.609820
 2305.000000 1.852658 3.121320
 2306.000000 1.960837 -3.137371
 2307.000000 2.054094 -3.079857
 2308.000000 2.082326 3.002874
 2309.000000 2.042507 2.147270
 2310.000000 2.089484 1.618624
 2311.000000 2.235483 1.340805
 2312.000000 2.259725 0.093111
 2313.000000 2.228063 -0.082294
 2314.000000 2.060837 1.743233
 2315.000000 2.073224 1.115156
 2316.000000 1.985795 0.763085
 2317.000000 1.909817 0.089939
 2318.000000 1.867595 -0.002287
 2319.000000 1.873632 -0.151033
 2320.000000 1.824256 -0.468141
 2321.000000 1.771438 -0.699238
 2322.000000 1.812121 -1.105542
 2323.000000 1.550810 -1.157717
 2324.000000 1.556136 -1.887131
 2325.000000 1.610420 -0.978507
 2326.000000 1.826720 -0.704978
 2327.000000 1.757431 -0.799203
 2328.000000 1.835761 -0.299402
 2329.000000 1.807558 -0.541059
 2330.000000 1.768931 -0.786671
 2331.000000 1.817219 -0.111846
 2332.000000 1.875336 0.093124
 2333.000000 1.774270 0.043269
 2334.000000 1.775093 -0.253289
 2335.000000 1.789436 -0.275199
 2336.000000 1.747165 -0.364545
 2337.000000 1.863799 -0.574964
 2338.000000 1.869314 -0.090083
 2339.000000 1.878794 -0.104007
 2340.000000 1.826530 -0.196492
 2341.000000 1.796794 -0.148030
 2342.000000 1.916303 0.124331
 2343.000000 1.958066 0.506066
 2344.000000 2.072066 0.191380
 2345.000000 1.913177 0.514896
 2346.000000 2.065075 -0.134878
 2347.000000 2.076194 -0.298708
 2348.000000 1.935631 0.412510
 2349.000000 1.928893 0.281030
 2350.000000 2.026020 0.564477
 2351.000000 2.216960 1.117786
 2352.000000 1.989415 1.116948
 2353.000000 2.149219 0.896526
 2354.000000 2.214955 0.089140
 2355.000000 2.220813 -0.211552
 2356.000000 2.316505 -0.018626
 2357.000000 2.382540 -0.376054
 2358.000000 2.413487 0.091152
 2359.000000 2.364826 -0.771516
 2360.000000 2.316688 -0.255823
 2361.000000 2.381356 0.800215
 2362.000000 2.620736 1.141945
 2363.000000 2.770252 1.068267
 2364.000000 2.778407 0.708766
 2365.000000 2.791732 0.686713
 2366.000000 2.844001 1.690205
 2367.000000 3.042331 1.375988
 2368.000000 3.179276 1.240198
 2369.000000 3.329737 2.122131
 2370.000000 3.203456 1.628449
 2371.000000 2.998818 0.875079
 2372.000000 2.901255 -0.193775
 2373.000000 2.970331 -0.373676
 2374.000000 2.828414 -0.714827
 2375.000000 2.721677 -0.100501
 2376.000000 2.656223 -0.256477
 2377.000000 2.661496 -0.226321
 2378.000000 2.601243 -1.178175
 2379.000000 2.594311 -0.606541
 2380.000000 2.693958 -0.182103
 2381.000000 2.755893 -0.278134
 2382.000000 2.729523 -0.490246
 2383.000000 2.635042 -0.939922
 2384.000000 2.595823 -0.759685
 2385.000000 2.444556 -1.087783
 2386.000000 2.353080 -0.922536
 2387.000000 2.465043 -0.170652
 2388.000000 2.446951 0.587523
 2389.000000 2.355870 -0.151548
 2390.000000 2.422028 -0.769364
 2391.000000 2.285419 0.489917
 2392.000000 2.307655 -0.512102
 2393.000000 2.413262 -0.201652
 2394.000000 2.407593 1.450333
 2395.000000 2.653135 -2.774648
 2396.000000 2.696992 -2.305378
 2397.000000 2.565377 0.664778
 2398.000000 2.558795 0.956131
 2399.000000 2.579282 1.104283
 2400.000000 2.470418 3.010207
 2401.000000 2.497338 -1.991703
 2402.000000 2.612456 -0.248337
 2403.000000 2.478532 -1.413258
 2404.000000 2.693578 -0.313621
 2405.000000 2.559898 -0.940638
 2406.000000 2.448336 -0.599602
 2407.000000 2.544292 -0.086253
 2408.000000 2.636971 0.069463
 2409.000000 2.604939 -0.825244
 2410.000000 2.655585 -0.212339
 2411.000000 2.607090 2.226835
 2412.000000 2.418433 1.961655
 2413.000000 2.459416 -2.899510
 2414.000000 2.567386 -2.974899
 2415.000000 2.597172 -2.928377
 2416.000000 2.788871 -2.756522
 2417.000000 2.633872 2.650770
 2418.000000 2.519036 -2.880747
 2419.000000 2.631418 2.524499
 2420.000000 2.582027 1.944760
 2421.000000 2.636674 1.857998
 2422.000000 2.860570 0.813889
 2423.000000 2.921936 1.671491
 2424.000000 2.741931 1.930298
 2425.000000 2.831196 2.217400
 2426.000000 2.851635 2.421130
 2427.000000 2.845990 2.299213
 2428.000000 2.797469 2.296109
 2429.000000 2.866215 2.556182
 2430.000000 2.749619 2.118752
 2431.000000 2.990002 2.978412
 2432.000000 3.066150 2.913935
 2433.000000 3.017929 2.613871
 2434.000000 3.036345 2.586554
 2435.000000 2.892002 2.095876
 2436.000000 2.720343 3.003430
 2437.000000 2.621072 0.353214
 2438.000000 2.667046 1.627455
 2439.000000 2.711306 0.472912
 2440.000000 2.515336 0.981139
 2441.000000 2.340599 1.741460
 2442.000000 2.176288 2.539928
 2443.000000 2.045711 2.197462
 2444.000000 2.261076 1.767453
 2445.000000 2.341516 0.867494
 2446.000000 2.299660 1.949506
 2447.000000 2.130107 3.033233
 2448.000000 2.130699 -2.365847
 2449.000000 2.233155 -2.254631
 2450.000000 2.210446 -2.849872
 2451.000000 2.218249 -0.707608
 2452.000000 2.225702 -1.924583
 2453.000000 2.531561 -2.270907
 2454.000000 2.570760 -1.697378
 2455.000000 2.676429 -0.267961
 2456.000000 2.504261 -0.057371
 2457.000000 2.453254 0.549932
 2458.000000 2.625580 1.513017
 2459.000000 2.727696 2.260408
 2460.000000 2.972180 2.061605
 2461.000000 3.008953 2.266310
 2462.000000 3.120098 1.802932
 2463.000000 3.129239 1.171042
 2464.000000 3.402279 2.601655
 2465.000000 3.218762 1.405461
 2466.000000 3.180587 1.420961
 2467.000000 3.077817 0.575130
 2468.000000 3.135250 0.176893
 2469.000000 3.219993 0.485680
 2470.000000 3.159079 0.800127
 2471.000000 3.103880 0.837416
 2472.000000 2.960102 0.353519
 2473.000000 3.049340 0.219906
 2474.000000 2.997358 -0.431309
 2475.000000 3.195488 -1.126843
 2476.000000 3.338339 -1.385970
 2477.000000 3.023769 -2.354646
 2478.000000 3.001306 -2.225941
 2479.000000 3.089106 -2.026493
 2480.000000 3.141067 -2.285251
 2481.000000 3.027476 -1.970745
 2482.000000 3.251055 -1.366355
 2483.000000 3.167469 -0.332295
 2484.000000 3.210198 0.131973
 2485.000000 3.223099 1.396149
 2486.000000 3.237996 0.147709
 2487.000000 3.307869 -0.670345
 2488.000000 3.223893 -1.497193
 2489.000000 3.134552 1.466362
 2490.000000 3.223559 1.605591
 2491.000000 3.291365 1.622697
 2492.000000 3.366504 1.921276
 2493.000000 3.305701 1.881354
 2494.000000 3.224923 2.007671
 2495.000000 3.315839 2.164353
 2496.000000 3.505308 2.415648
 2497.000000 3.524761 2.478074
 2498.000000 3.273078 2.928343
 2499.000000 3.231642 -3.060959
 2500.000000 3.169386 3.081069
 2501.000000 3.092187 3.105084
 2502.000000 3.199556 1.668781
 2503.000000 3.223966 1.745247
 2504.000000 3.076437 1.508571
 2505.000000 3.054883 1.834069
 2506.000000 3.395823 2.148056
 2507.000000 3.457391 1.223452
 2508.000000 3.241505 1.257211
 2509.000000 3.189774 0.893953
 2510.000000 3.149954 2.497915
 2511.000000 3.445267 -3.086550
 2512.000000 3.406432 2.682717
 2513.000000 3.602228 2.900081
 2514.000000 3.474114 -2.993265
 2515.000000 3.540938 2.002691
 2516.000000 3.447227 1.450362
 2517.000000 3.437238 1.792338
 2518.000000 3.553421 2.015054
 2519.000000 3.435744 -0.590970
 2520.000000 3.406203 2.973681
 2521.000000 3.561645 -1.584611
 2522.000000 3.320509 -0.786448
 2523.000000 3.334362 1.937905
 2524.000000 3.332595 0.180790
 2525.000000 3.563222 -0.911584
 2526.000000 3.516455 -0.297703
 2527.000000 3.588147 -0.266971
 2528.000000 3.503065 -0.870286
 2529.000000 3.533903 -0.806975
 2530.000000 3.569842 -0.645760
 2531.000000 3.507764 -0.822560
 2532.000000 3.482667 0.493112
 2533.000000 3.446678 1.199844
 2534.000000 3.243686 -2.773956
 2535.000000 3.203883 1.848681
 2536.000000 3.305327 -1.117633
 2537.000000 3.257373 -2.272887
 2538.000000 3.208931 -2.773893
 2539.000000 3.424517 -1.918643
 2540.000000 3.545308 -0.797555
 2541.000000 3.350766 -1.063771
 2542.000000 3.221774 2.885190
 2543.000000 2.961308 2.634576
 2544.000000 2.822259 1.782301
 2545.000000 2.683422 1.584927
 2546.000000 2.689208 1.663412
 2547.000000 2.741812 2.134229
 2548.000000 2.807363 2.581284
 2549.000000 2.821867 3.061236
 2550.000000 2.693818 2.790385
 2551.000000 2.706939 2.570856
 2552.000000 2.387707 2.931906
 2553.000000 2.307190 -2.680778
 2554.000000 2.186301 -1.384408
 2555.000000 2.221529 -1.128750
 2556.000000 2.344429 -1.580694
 2557.000000 2.288834 -0.622414
 2558.000000 2.220722 -1.302037
 2559.000000 2.567204 -1.060841
 2560.000000 2.472220 -1.320540
 2561.000000 2.401721 -1.317026
 2562.000000 2.372264 -1.072632
 2563.000000 2.435463 -1.325510
 2564.000000 2.571838 -1.669437
 2565.000000 2.395511 -2.111063
 2566.000000 2.372314 -2.100529
 2567.000000 2.270873 -1.617916
 2568.000000 2.146246 -0.914858
 2569.000000 2.183295 -1.275358
 2570.000000 2.116849 -1.097631
 2571.000000 1.995783 -1.393801
 2572.000000 2.133465 -1.960973
 2573.000000 2.286959 -2.636725
 2574.000000 2.068550 -2.432912
 2575.000000 1.928014 -2.632877
 2576.000000 2.028225 -2.506338
 2577.000000 2.153716 -1.699158
 2578.000000 2.154568 -2.519457
 2579.000000 2.114116 -1.492840
 2580.000000 2.255889 -1.514294
 2581.000000 2.172425 0.848337
 2582.000000 2.263825 -2.146511
 2583.000000 2.200144 0.923209
 2584.000000 2.224289 -2.548545
 2585.000000 2.305725 0.239936
 2586.000000 2.361312 1.167570
 2587.000000 2.326795 1.972685
 2588.000000 2.025095 2.505133
 2589.000000 2.015973 2.491090
 2590.000000 2.076776 3.024072
 2591.000000 2.019176 -2.867267
 2592.000000 2.036018 -3.068095
 2593.000000 1.870889 -2.816069
 2594.000000 1.866596 -2.940947
 2595.000000 1.680118 -2.196718
 2596.000000 1.936029 -1.725450
 2597.000000 1.929837 -2.068629
 2598.000000 2.190434 -1.465366
 2599.000000 2.335444 -1.439276
 2600.000000 2.224747 -1.926470
 2601.000000 2.141633 -1.502616
 2602.000000 2.253408 -2.000861
 2603.000000 2.263121 -1.851612
 2604.000000 2.248481 -1.394670
 2605.000000 2.212446 -2.162469
 2606.000000 2.064336 -2.310399
 2607.000000 2.020972 -2.368748
 2608.000000 2.291540 -1.917051
 2609.000000 2.183284 -2.119280
 2610.000000 2.222077 -2.179750
 2611.000000 2.238130 -2.242718
 2612.000000 2.192470 -1.953296
 2613.000000 2.370886 -1.845331
 2614.000000 2.316494 -1.309431
 2615.000000 2.419358 -0.130614
 2616.000000 2.568570 0.149567
 2617.000000 2.754840 1.482826
 2618.000000 2.858967 0.547856
 2619.000000 2.691586 0.453825
 2620.000000 2.671705 0.722233
 2621.000000 2.769689 0.769193
 2622.000000 2.690045 0.805997
 2623.000000 2.383910 1.541859
 2624.000000 2.537645 -2.367929
 2625.000000 2.600995 -1.371952
 2626.000000 2.489224 -1.997311
 2627.000000 2.429979 -0.782923
 2628.000000 2.489254 -0.033042
 2629.000000 2.535121 0.518392
 2630.000000 2.555704 1.753392
 2631.000000 2.718387 2.655766
 2632.000000 2.610898 3.044619
 2633.000000 2.746060 -2.689815
 2634.000000 2.942542 -2.848777
 2635.000000 3.125219 -2.519303
 2636.000000 2.986639 -1.902011
 2637.000000 2.981459 -2.570106
 2638.000000 2.828920 -2.166614
 2639.000000 2.909076 -1.456186
 2640.000000 2.644970 -2.947184
 2641.000000 2.327497 -2.634746
 2642.000000 2.301903 -2.661172
 2643.000000 2.431103 -2.254272
 2644.000000 2.594199 -2.189399
 2645.000000 2.401036 -2.532577
 2646.000000 2.192086 2.286514
 2647.000000 2.090736 2.517029
 2648.000000 2.063049 1.282026
 2649.000000 1.970473 1.085481
 2650.000000 1.940640 1.394910
 2651.000000 2.104398 2.533657
 2652.000000 2.029631 -2.947004
 2653.000000 1.963098 -1.072981
 2654.000000 1.975889 -0.539469
 2655.000000 2.100965 -0.545690
 2656.000000 2.124914 -0.529680
 2657.000000 2.288500 -0.378390
 2658.000000 2.395610 -0.593923
 2659.000000 2.624080 -0.894684
 2660.000000 2.649590 -0.729161
 2661.000000 2.423150 -0.648997
 2662.000000 2.547785 -1.303343
 2663.000000 2.663596 -0.837949
 2664.000000 2.759207 -0.759718
 2665.000000 2.692821 -1.352152
 2666.000000 2.567634 -1.693569
 2667.000000 2.631243 -1.945692
 2668.000000 2.700213 -2.298127
 2669.000000 2.730361 -1.937451
 2670.000000 2.524661 -2.751721
 2671.000000 2.420683 -2.828479
 2672.000000 2.494601 -2.866556
 2673.000000 2.452184 -3.140065
 2674.000000 2.268233 -3.120765
 2675.000000 2.309476 -2.967187
 2676.000000 2.356490 2.734371
 2677.000000 2.517834 -3.079798
 2678.000000 2.689754 -3.075113
 2679.000000 2.890806 -2.350130
 2680.000000 2.981655 -1.725001
 2681.000000 2.978011 -1.726503
 2682.000000 2.736621 -0.860491
 2683.000000 2.889745 -1.530833
 2684.000000 3.000311 -1.846976
 2685.000000 3.101360 -1.641728
 2686.000000 3.129137 -1.253536
 2687.000000 2.862964 -1.763167
 2688.000000 2.829840 -2.710655
 2689.000000 2.693912 -2.921145
 2690.000000 2.912996 -3.083009
 2691.000000 3.172013 2.829709
 2692.000000 3.359909 0.502816
 2693.000000 3.134702 0.632792
 2694.000000 2.963588 1.477451
 2695.000000 2.603446 1.995991
 2696.000000 2.663818 2.661017
 2697.000000 2.754137 1.999167
 2698.000000 2.836240 1.903107
 2699.000000 2.584126 1.680526
 2700.000000 2.660713 0.249427
 2701.000000 2.912600 -0.635856
 2702.000000 2.982224 -0.297455
 2703.000000 3.152410 -0.032269
 2704.000000 2.982451 0.913442
 2705.000000 3.177025 1.645836
 2706.000000 2.907565 1.977461
 2707.000000 2.813880 1.844126
 2708.000000 2.753367 2.748715
 2709.000000 2.963944 2.850452
 2710.000000 3.065654 -2.972349
 2711.000000 2.881238 -2.653548
 2712.000000 2.717055 -2.519693
 2713.000000 2.573929 -2.055046
 2714.000000 2.735399 -2.515048
 2715.000000 2.506560 -1.946206
 2716.000000 2.625491 -1.359856
 2717.000000 2.481230 -0.716751
 2718.000000 2.378044 -1.124393
 2719.000000 2.126250 -0.826477
 2720.000000 2.217309 1.151103
 2721.000000 2.221283 1.563611
 2722.000000 2.145703 -3.033057
 2723.000000 2.284006 2.875463
 2724.000000 2.456798 3.133537
 2725.000000 2.321344 3.058585
 2726.000000 2.176398 -2.606238
 2727.000000 2.083713 -2.838079
 2728.000000 2.070744 -2.842889
 2729.000000 2.274952 -1.082161
 2730.000000 2.186687 0.276708
 2731.000000 2.438470 -0.188722
 2732.000000 2.456658 -0.441119
 2733.000000 2.347771 -0.303928
 2734.000000 2.180523 -1.009227
 2735.000000 2.304352 -0.385733
 2736.000000 2.312045 -0.011475
 2737.000000 2.439891 -0.101752
 2738.000000 2.434893 -0.560212
 2739.000000 2.264843 -1.305229
 2740.000000 2.200948 1.797006
 2741.000000 1.867834 2.453187
 2742.000000 2.041898 0.472834
 2743.000000 2.014375 0.825719
 2744.000000 2.071029 0.580467
 2745.000000 2.102154 -0.462715
 2746.000000 2.148285 0.058934
 2747.000000 2.084273 -0.042821
 2748.000000 2.195681 -0.294517
 2749.000000 2.123760 -0.829989
 2750.000000 2.030575 -1.059207
 2751.000000 1.992950 -0.659152
 2752.000000 2.125954 -1.477920
 2753.000000 2.186748 -0.964867
 2754.000000 2.332335 -0.861284
 2755.000000 2.247484 -1.848299
 2756.000000 2.457400 -2.644496
 2757.000000 2.644093 -2.281740
 2758.000000 2.576663 -1.239856
 2759.000000 2.617483 -1.326492
 2760.000000 2.503695 -1.712414
 2761.000000 2.578290 -2.555810
 2762.000000 2.872502 -2.411909
 2763.000000 2.849757 -2.275491
 2764.000000 2.798658 -0.700177
 2765.000000 2.724383 -2.355324
 2766.000000 2.771116 -2.308671
 2767.000000 2.645966 1.037058
 2768.000000 2.728393 0.932324
 2769.000000 2.568768 -3.094766
 2770.000000 2.491420 2.650346
 2771.000000 2.666977 2.618252
 2772.000000 2.608635 2.405006
 2773.000000 2.709610 2.257880
 2774.000000 2.551219 2.489240
 2775.000000 2.248119 2.874478
 2776.000000 2.123500 -3.019544
 2777.000000 2.274955 1.936772
 2778.000000 2.132900 2.566429
 2779.000000 1.967460 2.492729
 2780.000000 2.118753 1.991356
 2781.000000 2.160638 2.302188
 2782.000000 2.342032 -2.993277
 2783.000000 2.316263 -0.096248
 2784.000000 2.280937 0.588642
 2785.000000 2.247335 0.354254
 2786.000000 2.480278 0.887172
 2787.000000 2.560889 0.133920
 2788.000000 2.856994 0.210083
 2789.000000 2.722222 0.119723
 2790.000000 2.930298 0.391375
 2791.000000 4.662803 -0.592127
 2792.000000 2.971078 0.008315
 2793.000000 2.941812 0.181107
 2794.000000 2.876485 0.223590
 2795.000000 3.052440 0.654606
 2796.000000 2.737461 0.778131
 2797.000000 3.031954 1.446460
 2798.000000 2.907572 0.772628
 2799.000000 3.098467 2.551901
 2800.000000 3.248468 -2.960525
 2801.000000 3.378449 -2.610484
 2802.000000 3.380254 -1.792661
 2803.000000 3.404697 -0.590260
 2804.000000 3.294547 -0.154383
 2805.000000 3.384642 -0.792453
 2806.000000 3.134467 -1.031941
 2807.000000 3.136247 -0.814167
 2808.000000 3.342947 -1.246963
 2809.000000 3.264766 -1.600443
 2810.000000 3.087296 -2.260424
 2811.000000 2.992461 -1.544641
 2812.000000 2.956437 -0.829953
 2813.000000 2.979105 -0.649313
 2814.000000 3.245515 -0.640933
 2815.000000 3.317308 -0.418066
 2816.000000 3.412403 -0.859095
 2817.000000 3.355965 -1.048190
 2818.000000 3.173683 -0.996619
 2819.000000 3.071915 -0.652963
 2820.000000 3.056038 -1.012714
 2821.000000 2.972758 -0.835307
 2822.000000 2.815186 0.066171
 2823.000000 2.719992 2.019295
 2824.000000 2.564014 1.907910
 2825.000000 2.489516 2.802506
 2826.000000 2.400033 3.074114
 2827.000000 2.346348 -2.668301
 2828.000000 2.434755 1.234205
 2829.000000 2.694745 1.909173
 2830.000000 2.943349 2.909034
 2831.000000 3.013204 2.890853
 2832.000000 3.166146 -2.238570
 2833.000000 3.079566 -2.241479
 2834.000000 3.046044 2.460005
 2835.000000 2.975251 2.309657
 2836.000000 2.895486 2.362698
 2837.000000 3.101025 2.943478
 2838.000000 3.198871 2.977534
 2839.000000 3.295500 -2.830054
